#V3.30.13-safe;_2019_03_09;_Stock_Synthesis_by_Richard_Methot_(NOAA)_using_ADMB_12.0
#Stock Synthesis (SS) is a work of the U.S. Government and is not subject to copyright protection in the United States.
#Foreign copyrights may apply. See copyright.txt for more information.
#_user_support_available_at:NMFS.Stock.Synthesis@noaa.gov
#_user_info_available_at:https://vlab.ncep.noaa.gov/group/stock-synthesis
#_Start_time: Fri May 31 13:17:32 2019
#_Number_of_datafiles: 1

#_observed data: 
#V3.30.13-safe;_2019_03_09;_Stock_Synthesis_by_Richard_Methot_(NOAA)_using_ADMB_12.0
#Stock Synthesis (SS) is a work of the U.S. Government and is not subject to copyright protection in the United States.
#Foreign copyrights may apply. See copyright.txt for more information.
1916 #_StartYr
2018 #_EndYr
1 #_Nseas
 12 #_months/season
2 #_Nsubseasons (even number, minimum is 2)
1 #_spawn_month
1 #_Ngenders: 1, 2, -1  (use -1 for 1 sex setup with SSB multiplied by female_frac parameter)
28 #_Nages=accumulator age, first age is always age 0
1 #_Nareas
12 #_Nfleets (including surveys)
#_fleet_type: 1=catch fleet; 2=bycatch only fleet; 3=survey; 4=ignore 
#_sample_timing: -1 for fishing fleet to use season-long catch-at-age for observations, or 1 to use observation month;  (always 1 for surveys)
#_fleet_area:  area the fleet/survey operates in 
#_units of catch:  1=bio; 2=num (ignored for surveys; their units read later)
#_catch_mult: 0=no; 1=yes
#_rows are fleets
#_fleet_type fishery_timing area catch_units need_catch_mult fleetname
 1 -1 1 1 0 Com  # 1
 1 -1 1 1 0 ComDisc  # 2
 1 -1 1 1 0 RecNorth  # 3
 1 -1 1 1 0 RecSouth  # 4
 3 1 1 0 0 DebCPFV  # 5
 3 1 1 0 0 RecOnboardNorth  # 6
 3 1 1 0 0 RecOnboardSouth  # 7
 3 1 1 0 0 PISCO  # 8
 3 1 1 0 0 CCFRP  # 9
 3 1 1 0 0 RecDocksideNorth  # 10
 3 1 1 0 0 RecDocksideSouth  # 11
 3 1 1 0 0 Dummy1  # 12
#Bycatch_fleet_input_goes_next
#a:  fleet index
#b:  1=include dead bycatch in total dead catch for F0.1 and MSY optimizations and forecast ABC; 2=omit from total catch for these purposes (but still include the mortality)
#c:  1=Fmult scales with other fleets; 2=bycatch F constant at input value; 3=bycatch F from range of years
#d:  F or first year of range
#e:  last year of range
#f:  not used
# a   b   c   d   e   f 
#_Catch data: yr, seas, fleet, catch, catch_se
#_catch_se:  standard error of log(catch)
#_NOTE:  catch data is ignored for survey fleets
-999 1 1 0 0.01
1916 1 1 3.88 0.01
1917 1 1 6.03 0.01
1918 1 1 7.06 0.01
1919 1 1 4.91 0.01
1920 1 1 5.01 0.01
1921 1 1 4.13 0.01
1922 1 1 3.56 0.01
1923 1 1 3.84 0.01
1924 1 1 2.22 0.01
1925 1 1 2.78 0.01
1926 1 1 4.48 0.01
1927 1 1 3.81 0.01
1928 1 1 4.6 0.01
1929 1 1 3.81 0.01
1930 1 1 5.4 0.01
1931 1 1 1.93 0.01
1932 1 1 6.24 0.01
1933 1 1 2.58 0.01
1934 1 1 1.75 0.01
1935 1 1 0.43 0.01
1936 1 1 0.01 0.01
1937 1 1 7.27 0.01
1938 1 1 10.29 0.01
1939 1 1 13.13 0.01
1940 1 1 16.9 0.01
1941 1 1 17.06 0.01
1942 1 1 8.55 0.01
1943 1 1 11 0.01
1944 1 1 0.05 0.01
1945 1 1 0.59 0.01
1946 1 1 16.71 0.01
1947 1 1 26.71 0.01
1948 1 1 23.95 0.01
1949 1 1 18.29 0.01
1950 1 1 17.15 0.01
1951 1 1 24.83 0.01
1952 1 1 27.59 0.01
1953 1 1 32.3 0.01
1954 1 1 40.75 0.01
1955 1 1 29.49 0.01
1956 1 1 40.66 0.01
1957 1 1 37.52 0.01
1958 1 1 33.56 0.01
1959 1 1 19.62 0.01
1960 1 1 11.3 0.01
1961 1 1 17.49 0.01
1962 1 1 27.18 0.01
1963 1 1 22.29 0.01
1964 1 1 16.55 0.01
1965 1 1 21.5 0.01
1966 1 1 13.44 0.01
1967 1 1 6.7 0.01
1968 1 1 8.29 0.01
1969 1 1 9.99 0.01
1970 1 1 14.21 0.01
1971 1 1 14.41 0.01
1972 1 1 19.42 0.01
1973 1 1 31.43 0.01
1974 1 1 33.41 0.01
1975 1 1 33.08 0.01
1976 1 1 33.9 0.01
1977 1 1 30.13 0.01
1978 1 1 43.41 0.01
1979 1 1 34.24 0.01
1980 1 1 63.65 0.01
1981 1 1 52.67 0.01
1982 1 1 38.96 0.01
1983 1 1 26.89 0.01
1984 1 1 14.82 0.01
1985 1 1 8.42 0.01
1986 1 1 25.49 0.01
1987 1 1 34.21 0.01
1988 1 1 55.73 0.01
1989 1 1 45.48 0.01
1990 1 1 46.77 0.01
1991 1 1 68.85 0.01
1992 1 1 83.99 0.01
1993 1 1 74.09 0.01
1994 1 1 60.06 0.01
1995 1 1 91.42 0.01
1996 1 1 94.71 0.01
1997 1 1 69.37 0.01
1998 1 1 65.28 0.01
1999 1 1 62.7 0.01
2000 1 1 53.91 0.01
2001 1 1 53.41 0.01
2002 1 1 42.28 0.01
2003 1 1 20.18 0.01
2004 1 1 26.27 0.01
2005 1 1 28.09 0.01
2006 1 1 23.87 0.01
2007 1 1 30.14 0.01
2008 1 1 36.06 0.01
2009 1 1 35.42 0.01
2010 1 1 38.65 0.01
2011 1 1 42.28 0.01
2012 1 1 33.46 0.01
2013 1 1 33.17 0.01
2014 1 1 36.15 0.01
2015 1 1 43.18 0.01
2016 1 1 36.84 0.01
2017 1 1 41.51 0.01
2018 1 1 46.08 0.01
-999 1 2 0 0.01
1916 1 2 0.388 0.01
1917 1 2 0.603 0.01
1918 1 2 0.706 0.01
1919 1 2 0.491 0.01
1920 1 2 0.501 0.01
1921 1 2 0.413 0.01
1922 1 2 0.356 0.01
1923 1 2 0.384 0.01
1924 1 2 0.222 0.01
1925 1 2 0.278 0.01
1926 1 2 0.448 0.01
1927 1 2 0.381 0.01
1928 1 2 0.46 0.01
1929 1 2 0.381 0.01
1930 1 2 0.54 0.01
1931 1 2 0.193 0.01
1932 1 2 0.624 0.01
1933 1 2 0.258 0.01
1934 1 2 0.175 0.01
1935 1 2 0.043 0.01
1936 1 2 0.001 0.01
1937 1 2 0.727 0.01
1938 1 2 1.029 0.01
1939 1 2 1.313 0.01
1940 1 2 1.69 0.01
1941 1 2 1.706 0.01
1942 1 2 0.855 0.01
1943 1 2 1.1 0.01
1944 1 2 0.005 0.01
1945 1 2 0.059 0.01
1946 1 2 1.671 0.01
1947 1 2 2.671 0.01
1948 1 2 2.395 0.01
1949 1 2 1.829 0.01
1950 1 2 1.715 0.01
1951 1 2 2.483 0.01
1952 1 2 2.759 0.01
1953 1 2 3.23 0.01
1954 1 2 4.075 0.01
1955 1 2 2.949 0.01
1956 1 2 4.066 0.01
1957 1 2 3.752 0.01
1958 1 2 3.356 0.01
1959 1 2 1.962 0.01
1960 1 2 1.13 0.01
1961 1 2 1.749 0.01
1962 1 2 2.718 0.01
1963 1 2 2.229 0.01
1964 1 2 1.655 0.01
1965 1 2 2.15 0.01
1966 1 2 1.344 0.01
1967 1 2 0.67 0.01
1968 1 2 0.829 0.01
1969 1 2 0.999 0.01
1970 1 2 1.421 0.01
1971 1 2 1.441 0.01
1972 1 2 1.942 0.01
1973 1 2 3.143 0.01
1974 1 2 3.341 0.01
1975 1 2 3.308 0.01
1976 1 2 3.39 0.01
1977 1 2 3.013 0.01
1978 1 2 4.341 0.01
1979 1 2 3.424 0.01
1980 1 2 6.365 0.01
1981 1 2 5.267 0.01
1982 1 2 3.896 0.01
1983 1 2 2.689 0.01
1984 1 2 1.482 0.01
1985 1 2 0.842 0.01
1986 1 2 2.549 0.01
1987 1 2 3.421 0.01
1988 1 2 5.573 0.01
1989 1 2 4.548 0.01
1990 1 2 4.677 0.01
1991 1 2 6.885 0.01
1992 1 2 8.399 0.01
1993 1 2 7.409 0.01
1994 1 2 6.006 0.01
1995 1 2 9.142 0.01
1996 1 2 9.471 0.01
1997 1 2 6.937 0.01
1998 1 2 6.528 0.01
1999 1 2 6.27 0.01
2000 1 2 5.391 0.01
2001 1 2 5.341 0.01
2002 1 2 4.228 0.01
2003 1 2 2.018 0.01
2004 1 2 2.627 0.01
2005 1 2 2.809 0.01
2006 1 2 2.387 0.01
2007 1 2 3.014 0.01
2008 1 2 3.606 0.01
2009 1 2 3.542 0.01
2010 1 2 3.865 0.01
2011 1 2 4.228 0.01
2012 1 2 3.346 0.01
2013 1 2 3.317 0.01
2014 1 2 3.615 0.01
2015 1 2 4.318 0.01
2016 1 2 3.684 0.01
2017 1 2 4.151 0.01
2018 1 2 4.608 0.01
-999 1 3 0 0.01
1916 1 3 0 0
1917 1 3 0 0
1918 1 3 0 0
1919 1 3 0 0
1920 1 3 0 0
1921 1 3 0 0
1922 1 3 0 0
1923 1 3 0 0
1924 1 3 0 0
1925 1 3 0 0
1926 1 3 0 0
1927 1 3 0 0
1928 1 3 0.797969 0.01
1929 1 3 1.59553 0.01
1930 1 3 1.83364 0.01
1931 1 3 2.44473 0.01
1932 1 3 3.05583 0.01
1933 1 3 3.66687 0.01
1934 1 3 4.27797 0.01
1935 1 3 4.88901 0.01
1936 1 3 5.50015 0.01
1937 1 3 6.51962 0.01
1938 1 3 6.41226 0.01
1939 1 3 5.60741 0.01
1940 1 3 8.07559 0.01
1941 1 3 7.46364 0.01
1942 1 3 3.96482 0.01
1943 1 3 3.79188 0.01
1944 1 3 3.11344 0.01
1945 1 3 4.1511 0.01
1946 1 3 7.14433 0.01
1947 1 3 5.65218 0.01
1948 1 3 11.28 0.01
1949 1 3 14.6187 0.01
1950 1 3 17.815 0.01
1951 1 3 21.9443 0.01
1952 1 3 19.0943 0.01
1953 1 3 16.2607 0.01
1954 1 3 20.2146 0.01
1955 1 3 24.0984 0.01
1956 1 3 26.9073 0.01
1957 1 3 30.3752 0.01
1958 1 3 46.0003 0.01
1959 1 3 36.5419 0.01
1960 1 3 27.3744 0.01
1961 1 3 26.502 0.01
1962 1 3 26.7845 0.01
1963 1 3 26.3026 0.01
1964 1 3 20.7571 0.01
1965 1 3 29.7096 0.01
1966 1 3 32.3327 0.01
1967 1 3 35.4257 0.01
1968 1 3 35.132 0.01
1969 1 3 30.0544 0.01
1970 1 3 39.4091 0.01
1971 1 3 29.7807 0.01
1972 1 3 39.6399 0.01
1973 1 3 47.7853 0.01
1974 1 3 49.2965 0.01
1975 1 3 46.8214 0.01
1976 1 3 47.095 0.01
1977 1 3 40.1137 0.01
1978 1 3 31.1128 0.01
1979 1 3 34.6088 0.01
1980 1 3 80.334 0.01
1981 1 3 81.084 0.01
1982 1 3 81.833 0.01
1983 1 3 82.583 0.01
1984 1 3 149.492 0.01
1985 1 3 156.908 0.01
1986 1 3 170.663 0.01
1987 1 3 117.361 0.01
1988 1 3 78.025 0.01
1989 1 3 64.982 0.01
1990 1 3 79.913 0.01
1991 1 3 94.844 0.01
1992 1 3 109.775 0.01
1993 1 3 124.706 0.01
1994 1 3 96.445 0.01
1995 1 3 47.854 0.01
1996 1 3 40.3 0.01
1997 1 3 37.232 0.01
1998 1 3 42.135 0.01
1999 1 3 54.112 0.01
2000 1 3 64.704 0.01
2001 1 3 96.79 0.01
2002 1 3 80.833 0.01
2003 1 3 107.978 0.01
2004 1 3 38.701 0.01
2005 1 3 47.515 0.01
2006 1 3 48.097 0.01
2007 1 3 32.881 0.01
2008 1 3 45.136 0.01
2009 1 3 65.637 0.01
2010 1 3 106.763 0.01
2011 1 3 76.16 0.01
2012 1 3 48.249 0.01
2013 1 3 38.426 0.01
2014 1 3 56.964 0.01
2015 1 3 58.092 0.01
2016 1 3 65.718 0.01
2017 1 3 49.356 0.01
2018 1 3 36.478 0.01
-999 1 4 0 0.01
1916 1 4 0 0
1917 1 4 0 0
1918 1 4 0 0
1919 1 4 0 0
1920 1 4 0 0
1921 1 4 0 0
1922 1 4 0 0
1923 1 4 0 0
1924 1 4 0 0
1925 1 4 0 0
1926 1 4 0 0
1927 1 4 0 0
1928 1 4 0.014878 0.01
1929 1 4 0.029756 0.01
1930 1 4 0.044633 0.01
1931 1 4 0.059511 0.01
1932 1 4 0.074389 0.01
1933 1 4 0.089267 0.01
1934 1 4 0.104145 0.01
1935 1 4 0.119023 0.01
1936 1 4 0.214045 0.01
1937 1 4 0.309067 0.01
1938 1 4 0.404089 0.01
1939 1 4 0.499111 0.01
1940 1 4 0.594134 0.01
1941 1 4 0.689156 0.01
1942 1 4 0.784178 0.01
1943 1 4 0.8792 0.01
1944 1 4 0.974222 0.01
1945 1 4 1.06925 0.01
1946 1 4 1.16427 0.01
1947 1 4 1.25929 0.01
1948 1 4 1.35431 0.01
1949 1 4 1.44933 0.01
1950 1 4 1.54436 0.01
1951 1 4 1.63938 0.01
1952 1 4 1.7344 0.01
1953 1 4 1.82942 0.01
1954 1 4 1.92444 0.01
1955 1 4 2.01947 0.01
1956 1 4 2.11449 0.01
1957 1 4 2.20951 0.01
1958 1 4 2.30453 0.01
1959 1 4 2.39956 0.01
1960 1 4 2.49458 0.01
1961 1 4 2.5896 0.01
1962 1 4 2.68462 0.01
1963 1 4 2.77964 0.01
1964 1 4 2.87467 0.01
1965 1 4 2.96969 0.01
1966 1 4 3.06471 0.01
1967 1 4 3.15973 0.01
1968 1 4 3.25476 0.01
1969 1 4 3.34978 0.01
1970 1 4 3.4448 0.01
1971 1 4 3.53982 0.01
1972 1 4 3.63484 0.01
1973 1 4 3.72987 0.01
1974 1 4 3.82489 0.01
1975 1 4 3.91991 0.01
1976 1 4 4.01493 0.01
1977 1 4 4.10996 0.01
1978 1 4 4.20498 0.01
1979 1 4 4.3 0.01
1980 1 4 4.913 0.01
1981 1 4 4.507 0.01
1982 1 4 4.101 0.01
1983 1 4 3.696 0.01
1984 1 4 6.787 0.01
1985 1 4 7.441 0.01
1986 1 4 7.94 0.01
1987 1 4 7.119 0.01
1988 1 4 6.426 0.01
1989 1 4 5.26 0.01
1990 1 4 5.187 0.01
1991 1 4 5.115 0.01
1992 1 4 5.043 0.01
1993 1 4 1.971 0.01
1994 1 4 3.032 0.01
1995 1 4 1.188 0.01
1996 1 4 5.227 0.01
1997 1 4 2.84 0.01
1998 1 4 2.524 0.01
1999 1 4 10.446 0.01
2000 1 4 4.392 0.01
2001 1 4 3.293 0.01
2002 1 4 2.149 0.01
2003 1 4 2.704 0.01
2004 1 4 0.975 0.01
2005 1 4 6.586 0.01
2006 1 4 2.127 0.01
2007 1 4 2.702 0.01
2008 1 4 3.608 0.01
2009 1 4 4.301 0.01
2010 1 4 3.902 0.01
2011 1 4 10.242 0.01
2012 1 4 9.887 0.01
2013 1 4 8.858 0.01
2014 1 4 9.06 0.01
2015 1 4 4.995 0.01
2016 1 4 6.574 0.01
2017 1 4 11.151 0.01
2018 1 4 6.3 0.01
-9999 0 0 0 0
#
 #_CPUE_and_surveyabundance_observations
#_Units:  0=numbers; 1=biomass; 2=F; >=30 for special types
#_Errtype:  -1=normal; 0=lognormal; >0=T
#_SD_Report: 0=no sdreport; 1=enable sdreport
#_Fleet Units Errtype SD_Report
1 0 0 0 # Com
2 0 0 0 # ComDisc
3 0 0 0 # RecNorth
4 0 0 0 # RecSouth
5 0 0 0 # DebCPFV
6 0 0 0 # RecOnboardNorth
7 0 0 0 # RecOnboardSouth
8 0 0 0 # PISCO
9 0 0 0 # CCFRP
10 0 0 0 # RecDocksideNorth
11 0 0 0 # RecDocksideSouth
12 0 0 0 # Dummy1
#_yr month fleet obs stderr
1988 7 5 0.21715 0.16812 #_ DebCPFV
1989 7 5 0.33974 0.15196 #_ DebCPFV
1992 7 5 0.29941 0.16744 #_ DebCPFV
1993 7 5 0.2029 0.13742 #_ DebCPFV
1994 7 5 0.23051 0.11639 #_ DebCPFV
1995 7 5 0.2479 0.10457 #_ DebCPFV
1996 7 5 0.27653 0.10372 #_ DebCPFV
1997 7 5 0.21121 0.09422 #_ DebCPFV
1998 7 5 0.24141 0.10879 #_ DebCPFV
2001 7 6 0.316919 0.12022 #_ RecOnboardNorth
2002 7 6 0.193759 0.140447 #_ RecOnboardNorth
2003 7 6 0.280967 0.074309 #_ RecOnboardNorth
2004 7 6 0.271151 0.057532 #_ RecOnboardNorth
2005 7 6 0.260593 0.08132 #_ RecOnboardNorth
2006 7 6 0.341018 0.075902 #_ RecOnboardNorth
2007 7 6 0.331195 0.082265 #_ RecOnboardNorth
2008 7 6 0.333108 0.076968 #_ RecOnboardNorth
2009 7 6 0.274678 0.082895 #_ RecOnboardNorth
2010 7 6 0.263336 0.072272 #_ RecOnboardNorth
2011 7 6 0.238417 0.068972 #_ RecOnboardNorth
2012 7 6 0.182356 0.079424 #_ RecOnboardNorth
2013 7 6 0.086908 0.090389 #_ RecOnboardNorth
2014 7 6 0.100558 0.098395 #_ RecOnboardNorth
2015 7 6 0.169248 0.097118 #_ RecOnboardNorth
2016 7 6 0.175849 0.084968 #_ RecOnboardNorth
2017 7 6 0.149187 0.121479 #_ RecOnboardNorth
2018 7 6 0.297677 0.101775 #_ RecOnboardNorth
2001 7 7 0.014007 0.515439 #_ RecOnboardSouth
2002 7 7 0.011314 0.374565 #_ RecOnboardSouth
2003 7 7 0.025657 0.327749 #_ RecOnboardSouth
2004 7 7 0.008212 0.370881 #_ RecOnboardSouth
2005 7 7 0.022403 0.242266 #_ RecOnboardSouth
2006 7 7 0.038851 0.206365 #_ RecOnboardSouth
2007 7 7 0.077016 0.163536 #_ RecOnboardSouth
2008 7 7 0.064881 0.164054 #_ RecOnboardSouth
2009 7 7 0.068701 0.155006 #_ RecOnboardSouth
2010 7 7 0.076231 0.145878 #_ RecOnboardSouth
2011 7 7 0.14704 0.114966 #_ RecOnboardSouth
2012 7 7 0.093033 0.113101 #_ RecOnboardSouth
2013 7 7 0.07254 0.120523 #_ RecOnboardSouth
2014 7 7 0.086194 0.134814 #_ RecOnboardSouth
2015 7 7 0.05557 0.169448 #_ RecOnboardSouth
2016 7 7 0.087446 0.13755 #_ RecOnboardSouth
2017 7 7 0.0849 0.171705 #_ RecOnboardSouth
2018 7 7 0.081485 0.182302 #_ RecOnboardSouth
2001 7 8 1.65842 0.232917 #_ PISCO
2002 7 8 2.05332 0.214556 #_ PISCO
2003 7 8 2.52652 0.185012 #_ PISCO
2004 7 8 1.28625 0.219184 #_ PISCO
2005 7 8 0.907364 0.235172 #_ PISCO
2006 7 8 0.865916 0.225663 #_ PISCO
2007 7 8 0.685078 0.235826 #_ PISCO
2008 7 8 0.924399 0.221947 #_ PISCO
2009 7 8 0.594345 0.218653 #_ PISCO
2010 7 8 0.67429 0.205874 #_ PISCO
2011 7 8 1.24274 0.185503 #_ PISCO
2012 7 8 1.33746 0.234711 #_ PISCO
2013 7 8 1.4509 0.223272 #_ PISCO
2014 7 8 1.4334 0.231045 #_ PISCO
2015 7 8 2.54746 0.215311 #_ PISCO
2016 7 8 2.17251 0.222343 #_ PISCO
2017 7 8 1.79937 0.228136 #_ PISCO
2018 7 8 1.2421 0.190669 #_ PISCO
2007 7 9 1.17762 0.148116 #_ CCFRP
2008 7 9 1.19624 0.147407 #_ CCFRP
2009 7 9 1.07659 0.148647 #_ CCFRP
2010 7 9 1.24507 0.148293 #_ CCFRP
2011 7 9 0.924614 0.149077 #_ CCFRP
2012 7 9 0.980372 0.147927 #_ CCFRP
2013 7 9 0.373298 0.151568 #_ CCFRP
2014 7 9 0.789709 0.147988 #_ CCFRP
2015 7 9 1.02837 0.153636 #_ CCFRP
2016 7 9 0.939365 0.149415 #_ CCFRP
2017 7 9 1.13947 0.149924 #_ CCFRP
2018 7 9 1.27762 0.151284 #_ CCFRP
1984 7 10 0.04104 0.604 #_ RecDocksideNorth
1985 7 10 0.02822 0.54845 #_ RecDocksideNorth
1986 7 10 0.08916 0.57948 #_ RecDocksideNorth
1987 7 10 0.02239 0.66465 #_ RecDocksideNorth
1988 7 10 0.0255 0.6122 #_ RecDocksideNorth
1989 7 10 0.02272 0.66226 #_ RecDocksideNorth
1995 7 10 0.0435 0.64163 #_ RecDocksideNorth
1996 7 10 0.04411 0.52497 #_ RecDocksideNorth
1999 7 10 0.02586 0.53354 #_ RecDocksideNorth
1980 7 11 0.076397 0.212394 #_ RecDocksideSouth
1981 7 11 0.053212 0.240191 #_ RecDocksideSouth
1982 7 11 0.065319 0.248533 #_ RecDocksideSouth
1983 7 11 0.131316 0.126935 #_ RecDocksideSouth
1984 7 11 0.092281 0.16721 #_ RecDocksideSouth
1985 7 11 0.086738 0.209593 #_ RecDocksideSouth
1986 7 11 0.034145 0.185109 #_ RecDocksideSouth
1996 7 11 0.035058 0.275952 #_ RecDocksideSouth
1998 7 11 0.047874 0.258855 #_ RecDocksideSouth
1999 7 11 0.046615 0.222291 #_ RecDocksideSouth
-9999 1 1 1 1 # terminator for survey observations 
#
0 #_N_fleets_with_discard
#_discard_units (1=same_as_catchunits(bio/num); 2=fraction; 3=numbers)
#_discard_errtype:  >0 for DF of T-dist(read CV below); 0 for normal with CV; -1 for normal with se; -2 for lognormal; -3 for trunc normal with CV
# note, only have units and errtype for fleets with discard 
#_Fleet units errtype
# -9999 0 0 0.0 0.0 # terminator for discard data 
#
0 #_use meanbodysize_data (0/1)
#_COND_0 #_DF_for_meanbodysize_T-distribution_like
# note:  type=1 for mean length; type=2 for mean body weight 
#_yr month fleet part type obs stderr
#  -9999 0 0 0 0 0 0 # terminator for mean body size data 
#
# set up population length bin structure (note - irrelevant if not using size data and using empirical wtatage
1 # length bin method: 1=use databins; 2=generate from binwidth,min,max below; 3=read vector
# no additional input for option 1
# read binwidth, minsize, lastbin size for option 2
# read N poplen bins, then vector of bin lower boundaries, for option 3
1 # use length composition data (0/1)
#_mintailcomp: upper and lower distribution for females and males separately are accumulated until exceeding this level.
#_addtocomp:  after accumulation of tails; this value added to all bins
#_males and females treated as combined gender below this bin number 
#_compressbins: accumulate upper tail by this number of bins; acts simultaneous with mintailcomp; set=0 for no forced accumulation
#_Comp_Error:  0=multinomial, 1=dirichlet
#_Comp_Error2:  parm number  for dirichlet
#_minsamplesize: minimum sample size; set to 1 to match 3.24, minimum value is 0.001
#_mintailcomp addtocomp combM+F CompressBins CompError ParmSelect minsamplesize
-1 1e-07 0 0 0 0 0.001 #_fleet:1_Com
-1 1e-07 0 0 0 0 0.001 #_fleet:2_ComDisc
-1 1e-07 0 0 0 0 0.001 #_fleet:3_RecNorth
-1 1e-07 0 0 0 0 0.001 #_fleet:4_RecSouth
-1 1e-07 0 0 0 0 0.001 #_fleet:5_DebCPFV
-1 1e-07 0 0 0 0 0.001 #_fleet:6_RecOnboardNorth
-1 1e-07 0 0 0 0 0.001 #_fleet:7_RecOnboardSouth
-1 1e-07 0 0 0 0 0.001 #_fleet:8_PISCO
-1 1e-07 0 0 0 0 0.001 #_fleet:9_CCFRP
-1 1e-07 0 0 0 0 0.001 #_fleet:10_RecDocksideNorth
-1 1e-07 0 0 0 0 0.001 #_fleet:11_RecDocksideSouth
-1 1e-07 0 0 0 0 0.001 #_fleet:12_Dummy1
# sex codes:  0=combined; 1=use female only; 2=use male only; 3=use both as joint sexxlength distribution
# partition codes:  (0=combined; 1=discard; 2=retained
37 #_N_LengthBins; then enter lower edge of each length bin
 4 5 6 7 8 9 10 11 12 13 14 15 16 17 18 19 20 21 22 23 24 25 26 27 28 29 30 31 32 33 34 35 36 37 38 39 40
#_yr month fleet sex part Nsamp datavector(female-male)
 1987 7 1 0 2 13.316 0 0 0 0 0 0 0 0 0 0 0 0 0 0 0 0 0 1010 3338 1010 3030 5709 6368 8388 5358 13660 11683 7027 3954 0 0 0 0 0 0 0 0
 1992 7 1 0 2 148.598 0 0 0 0 0 0 0 0 0 0 0 0 0 0 0 0 128 0 80 751 1910 2812 7451 7349 4909 3573 2424 854 188 112 186 124 186 0 125 124 353
 1993 7 1 0 2 375.424 0 0 0 0 0 0 0 0 0 0 0 0 0 0 0 1 63 78 399 558 1910 1738 3150 3458 4771 3088 2250 900 552 135 182 3 0 0 0 0 0
 1994 7 1 0 2 360.302 0 0 0 0 0 0 0 0 0 0 0 0 0 0 46 67 628 700 769 2017 1803 2821 6120 7514 7962 5574 4785 2610 2150 837 108 57 7 5 3 49 65
 1995 7 1 0 2 384.174 0 0 0 0 0 0 0 0 0 0 0 0 0 0 135 46 98 868 1177 2309 2962 5838 7016 5275 7813 5950 3284 1095 903 195 258 42 59 0 0 0 0
 1996 7 1 0 2 400 0 0 0 0 0 0 0 0 0 0 0 0 0 0 180 606 262 228 872 2223 1718 1942 2351 1807 2255 2552 1052 1245 837 242 54 15 22 10 10 3 35
 1997 7 1 0 2 320.746 0 0 0 0 0 0 0 0 0 2 0 0 0 0 0 16 12 221 216 192 876 1397 2173 1589 2588 1823 1514 1261 688 27 0 0 0 0 14 28 0
 1998 7 1 0 2 400 0 0 0 0 0 0 0 0 0 0 585 0 0 0 585 1755 1755 145 1057 1334 7953 7123 14190 10850 12671 10425 7483 3929 2357 732 217 4 0 0 32 0 19
 1999 7 1 0 2 400 0 0 0 0 0 0 0 0 0 0 0 0 0 0 0 0 11 139 294 275 1503 4666 13435 9777 11641 9167 5620 2948 1717 194 286 72 51 49 49 33 48
 2000 7 1 0 2 400 0 0 0 0 0 0 0 0 0 0 0 0 0 0 0 0 0 0 13 36 1293 5837 20713 18393 18779 11633 9137 3955 2089 972 201 0 19 0 124 32 38
 2001 7 1 0 2 400 0 0 0 0 0 0 0 0 0 0 0 0 0 0 0 0 0 0 0 0 402 5539 22799 20831 23559 11720 10622 2107 2169 228 0 0 0 13 0 13 0
 2002 7 1 0 2 179.06 0 0 0 0 0 0 0 0 0 0 0 0 0 0 0 0 0 0 0 0 398 3248 10745 10331 14723 9469 6958 3250 2269 639 426 0 45 0 0 0 0
 2003 7 1 0 2 141.25 0 0 0 0 0 0 0 0 0 0 0 0 0 0 0 0 75 196 161 26 291 266 2728 5532 6634 4333 5087 1249 2155 61 436 9 0 0 0 0 0
 2004 7 1 0 2 169.26 0 0 0 0 0 0 0 0 0 0 0 0 0 0 0 0 0 0 0 0 96 3896 10992 7486 8762 3275 1712 150 35 0 417 0 0 0 0 0 0
 2005 7 1 0 2 168.6 0 0 0 0 0 0 0 0 0 0 0 0 0 0 0 0 0 0 0 0 0 655 3481 3242 3392 2579 1891 849 160 0 40 0 0 0 0 0 0
 2006 7 1 0 2 96.964 0 0 0 0 0 0 0 0 0 0 0 0 0 0 0 0 0 0 0 14 115 820 6695 5237 9571 8294 5459 3623 20581 0 388 0 0 0 0 0 0
 2007 7 1 0 2 238.356 0 0 0 0 0 0 0 0 0 0 0 0 0 0 0 0 0 2 2 0 126 411 2997 2986 6036 4006 4130 1302 575 31 0 2 0 32 0 0 0
 2008 7 1 0 2 109.792 0 0 0 0 0 0 0 0 0 0 0 0 0 0 0 0 0 0 0 0 127 964 4098 3082 3638 3695 3865 2342 901 188 156 51 0 0 115 0 0
 2009 7 1 0 2 187.3 0 0 0 0 0 0 0 0 0 0 0 0 0 0 0 0 0 0 0 12 256 2362 4769 6457 7696 7762 8659 4607 1988 305 394 82 38 41 0 0 0
 2010 7 1 0 2 198.822 0 0 0 0 0 0 0 0 0 0 0 0 0 0 0 0 0 0 0 0 238 1034 6440 7928 12206 9755 13445 5045 1730 403 196 0 75 0 0 0 65
 2011 7 1 0 2 178.128 0 0 0 0 0 0 0 0 0 0 0 0 0 0 0 0 0 0 0 0 453 3802 11100 11329 14317 10335 6039 2569 835 294 32 16 0 0 16 16 16
 2012 7 1 0 2 154.842 0 0 0 0 0 0 0 0 0 0 0 0 0 0 0 0 0 0 0 4 70 1516 5753 8148 9446 6614 7187 3464 1982 193 84 0 0 2 0 0 120
 2013 7 1 0 2 128.178 0 0 0 0 0 0 0 0 0 0 0 0 0 0 0 0 0 0 0 0 1054 2161 5095 4897 7027 5769 5006 3145 1394 147 0 0 0 0 0 0 0
 2014 7 1 0 2 40.392 0 0 0 0 0 0 0 0 0 0 0 0 0 0 0 0 0 0 0 266 640 2329 8171 8223 14306 4712 4873 1109 1279 0 0 0 0 0 0 0 0
 2015 7 1 0 2 127.764 0 0 0 0 0 0 0 0 0 0 0 0 0 0 0 0 0 0 19 0 202 1699 5359 5991 9897 7534 8168 4428 1884 561 429 31 0 0 0 0 0
 2016 7 1 0 2 205.064 0 0 0 0 0 0 0 0 0 0 0 0 0 0 0 0 0 6 0 0 320 1819 6528 8170 9994 6150 6659 2973 2117 630 369 28 35 35 6 0 0
 2017 7 1 0 2 285.178 0 0 0 0 0 0 0 0 0 0 0 0 0 0 0 0 0 0 0 0 223 1924 7299 7900 8909 6270 4920 3010 2820 241 136 0 0 0 0 0 0
 2004 7 2 0 2 168.936 0 0 0 0 0 0 0 0 0 0 0 0 0 0 0.001589 0.01275 0.022047 0.026616 0.111921 0.2201 0.21483 0.197682 0.087544 0.045335 0.025424 0.015095 0.011123 0.004767 0.001589 0.001589 0 0 0 0 0 0 0
 2005 7 2 0 2 82.88 0 0 0 0 0 0 0 0 0 0 0 0 0 0 0 0.009934 0.003311 0.013245 0.062252 0.170577 0.178903 0.253359 0.160738 0.049007 0.035762 0.009934 0.019868 0.009934 0.003311 0 0.019868 0 0 0 0 0 0
 2006 7 2 0 2 92.708 0 0 0 0 0 0 0 0 0 0 0 0 0 0 0.014768 0 0.011076 0.047997 0.087019 0.220436 0.264584 0.175692 0.104067 0.036921 0.026363 0.007384 0 0.003692 0 0 0 0 0 0 0 0 0
 2007 7 2 0 2 82.984 0 0 0 0 0 0 0 0 0 0 0 0 0 0 0 0.003636 0.034731 0.027182 0.081719 0.165619 0.267006 0.156599 0.078083 0.047265 0.058173 0.036358 0.018179 0.007272 0.010907 0 0 0.007272 0 0 0 0 0
 2008 7 2 0 2 19.348 0 0 0 0 0 0 0 0 0 0 0 0 0 0 0 0 0.040936 0.035088 0.073684 0.128655 0.250292 0.252047 0.11345 0.049123 0.042105 0 0.01462 0 0 0 0 0 0 0 0 0 0
 2009 7 2 0 2 72.294 0 0 0 0 0 0 0 0 0 0 0 0 0 0 0 0.003891 0.003891 0 0.031128 0.035019 0.120623 0.202335 0.140078 0.089494 0.105058 0.070039 0.042802 0.038911 0.031615 0.036479 0.027724 0.013132 0.007782 0 0 0 0
 2010 7 2 0 2 98.472 0 0 0 0 0 0 0 0 0 0 0 0 0 0 0 0.005728 0.002864 0.005728 0.127481 0.241646 0.2376 0.175607 0.081339 0.061863 0.017184 0.031504 0.005728 0.002864 0 0 0.002864 0 0 0 0 0 0
 2011 7 2 0 2 131.508 0 0 0 0 0 0 0 0 0 0 0 0 0 0 0.010101 0.008586 0.015152 0.036003 0.067821 0.112466 0.118314 0.111608 0.122096 0.109091 0.116919 0.079167 0.052273 0.027778 0 0.012626 0 0 0 0 0 0 0
 2012 7 2 0 2 125.676 0 0 0 0 0 0 0 0 0 0 0 0 0 0 0.019231 0.003205 0.003205 0.038462 0.082663 0.169493 0.258229 0.170384 0.076923 0.05641 0.032051 0.030449 0.025641 0.003205 0.014423 0.009615 0.003205 0 0.003205 0 0 0 0
 2013 7 2 0 2 118.024 0 0 0 0 0 0 0 0 0 0 0 0 0 0 0.011262 0.002816 0.002816 0.019709 0.073258 0.123991 0.136161 0.091412 0.121309 0.10549 0.128953 0.081651 0.053496 0.030784 0.005631 0.005631 0.002816 0.002816 0 0 0 0 0
 2014 7 2 0 2 131.544 0 0 0 0 0 0 0 0 0 0 0 0 0 0 0.015305 0.014958 0.01799 0.022457 0.118985 0.165355 0.181561 0.15865 0.045603 0.032429 0.055193 0.056928 0.059074 0.034892 0.015767 0.004851 0 0 0 0 0 0 0
 2015 7 2 0 2 174.898 0 0 0 0 0 0 0 0 0 0 0 0 0 0 0.00762 0.01143 0.017145 0.027688 0.090432 0.173263 0.245648 0.137159 0.055245 0.0381 0.072389 0.04953 0.028575 0.017202 0.017145 0.01143 0 0 0 0 0 0 0
 2016 7 2 0 2 103.746 0 0 0 0 0 0 0 0 0 0 0 0 0 0 0.009412 0.006275 0.01255 0.037699 0.095749 0.145376 0.218593 0.148056 0.053336 0.034511 0.109809 0.028237 0.037649 0.025099 0.01255 0.009412 0.015687 0 0 0 0 0 0
 2017 7 2 0 2 86.188 0 0 0 0 0 0 0 0 0 0 0 0 0 0 0.008734 0 0 0.031441 0.033479 0.166812 0.230459 0.112373 0.120124 0.061135 0.079148 0.099527 0.034934 0.017467 0 0 0 0 0.004367 0 0 0 0
 -1959 7 3 0 0 64.498 0 0 0 0 0 0 1 1 1 1 2 2 1 2 2 2 4 4 1 6 9 9 15 20 21 36 35 32 23 18 9 9 2 2 0 0 1
 -1960 7 3 0 0 93.772 0 0 0 0 0 0 0 0 0 0 0 0 0 0 0 0 1 4 2 6 11 16 16 29 35 43 35 41 38 25 7 9 8 11 9 12 36
 -1961 7 3 0 0 1.904 0 0 0 0 0 0 0 0 0 0 0 0 0 0 0 0 0 0 0 0 0 0 0 0 0 0 0 0 1 1 0 0 0 0 1 0 5
 -1966 7 3 0 0 1.666 0 0 0 0 0 0 0 0 0 0 0 0 0 0 0 0 0 0 0 0 1 1 0 1 2 0 0 0 0 0 1 1 0 0 0 0 0
 1980 7 3 0 0 26.632 0 0 0 0 0 0 0 0 0 0 0 0 0 0 0 0 1 4 3 6 6 11 16 20 22 25 20 19 4 4 2 1 0 0 0 0 0
 -1981 7 3 0 0 3.622 0 0 0 0 0 0 0 0 0 0 0 0 0 0 0 0 0 0 0 0 1 0 0 2 3 4 4 4 1 0 0 0 0 0 0 0 0
 1982 7 3 0 0 7.06 0 0 0 0 0 0 0 0 0 0 0 0 0 0 0 0 0 0 0 0 1 3 2 4 8 11 11 4 6 0 0 0 0 0 0 0 0
 1983 7 3 0 0 42.36 0 0 0 0 0 0 0 0 0 0 0 0 0 0 0 0 4 1 3 6 23 18 35 48 51 52 36 25 10 7 3 0 1 0 0 0 0
 1984 7 3 0 0 98.84 0 0 0 0 0 0 0 0 0 0 0 0 1 3 8 11 15 25 33 37 59 59 83 102 120 113 89 48 19 14 5 2 3 0 0 0 0
 1985 7 3 0 0 176.726 0 0 0 0 0 0 0 0 0 0 0 0 2 2 2 7 17 34 43 63 83 107 108 104 124 120 101 60 25 17 3 3 0 1 1 0 0
 1986 7 3 0 0 149.988 0 0 0 0 0 0 0 0 0 0 0 0 1 0 0 1 5 10 24 56 71 101 118 114 113 82 60 34 21 5 4 1 2 0 3 0 0
 1987 7 3 0 0 82.096 0 0 0 0 0 0 0 0 1 0 0 0 0 3 0 2 6 11 13 12 24 35 43 43 35 30 35 47 23 6 5 7 3 3 1 1 3
 1988 7 3 0 0 71.814 0 0 0 0 0 0 0 0 0 0 0 0 1 1 3 5 11 9 11 18 29 26 39 32 32 35 16 10 9 4 4 0 3 3 1 1 0
 1989 7 3 0 0 60.814 0 0 0 0 0 0 0 0 0 0 0 0 0 1 0 1 6 11 10 16 21 36 41 35 32 18 25 14 11 3 10 3 5 2 1 1 0
 1993 7 3 0 0 98.84 0 0 0 0 0 0 0 0 0 0 0 0 1 1 4 4 10 18 36 42 80 109 145 155 177 140 87 37 24 9 2 2 1 3 3 1 3
 1994 7 3 0 0 84.72 0 0 0 0 0 0 0 0 0 0 0 0 0 0 0 2 1 7 8 16 32 47 76 109 97 93 57 26 12 12 3 5 2 0 1 0 2
 1996 7 3 0 0 157.766 0 0 0 0 0 0 1 0 0 0 0 0 3 2 10 11 51 36 57 37 46 48 67 64 48 41 29 21 16 9 3 2 2 3 0 0 0
 1997 7 3 0 0 291.512 0 0 0 0 0 0 0 0 1 0 0 0 0 5 3 9 13 31 56 110 156 204 240 207 169 98 69 24 16 6 6 0 1 0 0 0 0
 1998 7 3 0 0 173.732 0 0 0 0 0 0 0 0 0 0 0 0 0 1 2 9 8 15 29 33 51 78 105 93 89 48 26 10 8 4 1 2 1 0 0 0 1
 1999 7 3 0 0 202.456 0 0 0 0 0 0 0 0 0 0 0 0 0 0 3 6 21 26 61 54 116 106 186 169 159 109 58 21 7 4 0 3 1 0 0 0 2
 2000 7 3 0 0 116.91 0 0 0 0 0 0 0 0 0 0 0 0 0 1 5 9 7 19 27 41 68 84 95 101 78 63 42 21 14 10 2 5 1 0 1 0 1
 2001 7 3 0 0 174.202 0 0 0 0 0 0 0 0 0 0 0 0 0 0 1 6 11 31 35 53 79 114 164 173 108 77 29 19 12 7 1 2 2 2 2 0 1
 2002 7 3 0 0 286.528 0 0 0 0 0 0 0 0 0 0 0 0 0 1 5 2 13 18 41 77 128 209 251 263 249 177 111 50 31 11 3 7 1 4 2 2 0
 2003 7 3 0 0 305.22 0 0 0 0 0 0 0 0 0 0 1 0 1 0 0 2 5 14 29 51 105 193 262 255 269 208 130 81 39 20 5 3 5 4 5 3 0
 2004 7 3 0 0 134.14 0 0 0 0 0 0 1 0 0 0 0 0 0 1 1 4 7 13 33 46 116 168 256 317 344 261 205 104 70 44 12 9 4 2 3 2 0
 2005 7 3 0 0 211.8 0 0 0 0 0 0 0 0 0 0 0 1 0 0 2 7 26 40 77 135 183 215 322 389 476 465 365 255 139 65 26 12 3 5 3 4 2
 2006 7 3 0 0 247.1 0 0 0 0 0 0 0 0 0 0 0 0 1 3 0 5 11 32 63 111 201 307 450 528 576 527 418 218 133 76 29 14 10 9 10 2 3
 2007 7 3 0 0 211.8 0 0 0 0 0 0 0 0 0 0 0 0 1 1 0 3 12 23 64 96 170 253 405 467 509 437 290 213 125 54 34 13 15 6 6 2 1
 2008 7 3 0 0 275.34 0 0 0 0 0 0 0 0 0 0 0 0 0 1 1 3 11 21 40 80 183 337 490 584 661 621 500 333 159 61 31 11 9 6 12 5 5
 2009 7 3 0 0 303.58 0 0 0 0 0 0 0 0 0 0 0 0 0 0 0 4 12 21 53 118 198 351 464 586 684 691 636 390 193 109 37 20 15 10 14 5 1
 2010 7 3 0 0 331.82 0 0 0 0 0 0 0 0 0 0 0 0 0 2 0 6 12 27 65 106 196 297 505 688 828 840 662 401 194 73 30 13 15 8 10 9 5
 2011 7 3 0 0 310.64 0 0 0 0 0 0 0 1 0 0 0 0 0 0 0 5 36 39 91 138 269 368 454 542 653 657 608 398 235 94 42 19 8 13 9 6 7
 2012 7 3 0 0 324.76 0 0 0 0 0 0 0 0 1 1 0 1 1 0 5 6 21 48 91 194 356 483 527 590 621 631 539 403 195 88 39 17 18 8 12 5 3
 2013 7 3 0 0 282.4 0 0 0 0 0 0 0 0 0 0 0 2 1 2 7 15 20 32 41 119 243 395 460 627 617 590 485 322 166 85 38 24 24 8 10 6 0
 2014 7 3 0 0 310.64 0 0 0 0 0 0 0 0 1 1 1 2 3 3 5 9 24 37 79 122 219 341 450 682 700 696 576 394 202 106 41 22 7 9 8 5 1
 2015 7 3 0 0 381.24 0 0 0 0 0 0 0 0 0 0 0 0 0 2 12 21 33 57 79 136 280 416 611 732 856 884 695 479 255 119 58 20 13 17 8 6 0
 2016 7 3 0 0 409.48 0 0 0 0 0 0 1 0 0 0 0 2 1 5 10 22 36 63 114 191 320 394 599 775 885 937 837 561 279 130 49 25 11 5 7 5 1
 2017 7 3 0 0 310.64 0 0 0 0 0 0 0 0 0 0 0 0 2 1 2 16 29 47 90 120 215 339 485 643 702 678 562 364 215 84 52 28 8 4 3 2 0
 2018 7 3 0 0 232.98 0 0 0 0 0 0 0 1 0 0 2 1 2 4 10 10 34 50 94 137 197 272 387 449 532 481 400 248 138 49 37 15 8 2 2 1 0
 -1959 7 4 0 0 4.998 0 0 0 0 0 0 0 0 0 0 0 0 1 0 0 0 1 0 0 0 0 2 2 1 0 1 1 0 2 3 3 1 0 1 1 0 1
 -1960 7 4 0 0 3.332 0 0 0 0 0 0 0 0 0 0 0 0 0 0 0 0 0 0 0 0 0 0 0 1 0 0 1 0 3 0 4 1 2 2 0 0 0
 -1961 7 4 0 0 0.238 0 0 0 0 0 0 0 0 0 0 0 0 0 0 0 0 0 0 0 0 0 0 0 0 0 0 0 0 0 0 1 0 0 0 0 0 0
 1975 7 4 0 0 71.942 0 0 0 0 0 0 0 0 1 0 0 0 0 0 0 0 5 4 19 32 31 23 14 8 9 2 3 2 1 2 0 0 1 2 0 0 0
 1976 7 4 0 0 103.912 0 0 0 0 0 0 0 0 0 0 0 0 0 0 2 2 3 11 18 56 45 40 17 13 6 4 0 2 0 2 1 0 0 1 0 1 0
 1977 7 4 0 0 150.096 0 0 0 0 0 0 0 0 0 0 0 0 1 1 5 2 12 23 50 44 52 48 48 31 31 19 10 6 4 0 1 1 1 0 0 1 1
 1978 7 4 0 0 164.554 0 0 0 0 0 0 0 1 0 2 2 1 2 7 4 9 17 21 29 53 61 65 59 47 69 41 26 12 3 2 0 0 0 0 0 0 0
 1980 7 4 0 0 28.314 0 0 0 0 0 0 0 0 0 0 0 0 0 0 0 0 1 1 0 3 4 0 0 2 1 0 2 0 0 1 4 2 3 3 3 4 19
 1981 7 4 0 0 43.8 0 0 0 0 0 0 0 0 0 0 0 0 2 0 3 1 1 2 3 15 8 6 13 10 6 4 9 4 4 1 1 2 1 0 2 0 2
 1982 7 4 0 0 25.004 0 0 0 0 0 0 0 0 0 0 0 0 0 0 0 2 3 8 9 4 3 9 4 2 0 5 2 1 0 1 1 1 1 1 0 0 1
 1983 7 4 0 0 83.46 0 0 0 0 0 0 0 0 0 0 0 0 0 0 2 7 9 18 20 34 22 20 17 10 3 4 2 1 1 0 0 0 0 0 0 0 0
 1984 7 4 0 0 62.7 0 0 0 0 0 0 0 0 0 0 1 0 0 2 2 8 13 12 24 27 23 15 10 3 4 2 1 2 0 1 0 0 0 0 0 0 0
 1985 7 4 0 0 58.84 0 0 0 0 0 0 0 0 0 0 1 0 0 0 0 5 16 20 29 27 28 26 10 10 7 1 0 0 0 0 0 0 0 0 0 0 0
 1986 7 4 0 0 39.868 0 0 0 0 0 0 0 0 0 0 0 0 0 1 0 1 6 3 7 10 12 6 6 4 8 5 6 3 4 2 1 0 0 0 0 0 1
 -1987 7 4 0 0 5.966 0 0 0 0 0 0 0 0 0 0 0 0 0 0 0 0 0 1 0 0 3 2 0 1 0 0 0 0 0 0 0 0 0 0 0 0 0
 1988 7 4 0 0 14.14 0 0 0 0 0 0 0 0 0 0 0 0 0 0 0 0 1 0 2 5 6 7 2 2 2 1 1 1 0 0 0 0 0 0 0 0 0
 -1989 7 4 0 0 8.518 0 0 0 0 0 0 0 0 0 0 0 0 0 0 0 0 0 0 0 3 2 2 1 2 0 0 1 0 0 0 0 0 0 0 0 0 0
 -1993 7 4 0 0 11.312 0 0 0 0 0 0 0 0 0 0 0 1 0 0 2 3 3 0 3 2 0 2 5 0 0 0 0 2 0 0 0 0 1 0 0 0 0
 -1994 7 4 0 0 3.07 0 0 0 0 0 0 0 0 0 0 0 0 0 0 0 1 0 0 0 2 1 2 1 2 3 0 1 0 0 0 1 1 0 0 0 0 0
 1996 7 4 0 0 18.416 0 0 0 0 0 0 0 0 0 0 0 0 0 0 0 0 3 9 13 1 2 0 1 0 0 0 0 0 0 2 0 1 0 0 0 0 0
 -1997 7 4 0 0 10.174 0 0 0 0 0 0 0 0 0 0 0 0 0 0 0 1 1 3 1 1 5 1 4 2 2 1 0 0 0 0 0 1 0 0 0 0 0
 1998 7 4 0 0 28.108 0 0 0 0 0 0 0 0 0 0 0 0 0 1 2 4 6 5 12 9 8 9 1 5 2 1 1 0 0 0 0 0 0 0 0 0 0
 1999 7 4 0 0 74.538 0 0 0 0 0 0 0 0 0 0 1 0 0 1 1 6 11 19 30 20 30 24 24 29 38 32 26 4 4 0 1 0 0 0 0 0 0
 2000 7 4 0 0 20.004 0 0 0 0 0 0 0 0 0 0 0 0 0 0 0 0 2 6 12 7 9 3 7 5 2 1 1 1 0 0 0 1 1 0 0 0 0
 2001 7 4 0 0 18.83 0 0 0 0 0 0 0 0 0 0 0 0 0 0 0 1 1 2 4 6 8 6 3 3 0 1 0 0 0 0 0 0 0 0 0 0 0
 2002 7 4 0 0 30.97 0 0 0 0 0 0 0 0 0 0 0 0 0 0 0 0 2 4 8 8 12 8 13 5 1 2 0 0 0 0 1 0 0 0 0 1 0
 2003 7 4 0 0 28.8 0 0 0 0 0 0 0 0 0 0 0 0 0 0 0 1 1 3 9 9 10 20 10 8 7 5 4 2 3 0 1 0 2 1 3 1 0
 2004 7 4 0 0 8.796 0 0 0 0 0 0 0 0 0 0 0 0 0 0 0 0 2 2 1 5 5 10 5 4 1 2 2 1 2 0 0 0 0 0 0 0 0
 2005 7 4 0 0 20.834 0 0 0 0 0 0 0 0 0 0 0 1 0 0 0 1 2 1 2 6 11 13 16 11 11 7 3 1 1 1 2 0 2 1 0 0 0
 2006 7 4 0 0 23.628 0 0 0 0 0 0 0 0 0 0 1 2 1 0 4 4 4 6 6 7 8 11 18 14 14 5 0 1 0 0 0 0 0 0 0 0 0
 2007 7 4 0 0 27.388 0 0 0 0 0 0 0 0 0 0 1 0 0 1 1 3 1 10 7 7 9 12 18 15 13 15 5 4 2 0 0 0 1 1 0 0 0
 2008 7 4 0 0 29.216 0 0 0 0 0 0 0 0 0 0 0 0 0 0 1 2 2 13 7 17 26 19 11 14 12 2 3 1 0 0 2 0 0 0 0 0 0
 2009 7 4 0 0 40.392 0 0 0 0 0 0 0 0 0 0 1 3 1 0 1 4 5 12 16 23 23 21 22 17 14 8 4 6 1 1 0 0 0 1 0 0 0
 2010 7 4 0 0 42.496 0 0 0 0 0 0 0 3 1 1 2 3 6 7 7 5 11 16 14 18 21 18 19 15 8 8 3 0 2 2 2 0 0 0 0 0 0
 2011 7 4 0 0 59.26 0 0 0 0 0 0 0 0 1 2 1 1 4 6 5 5 10 19 20 22 34 59 30 23 13 8 2 0 1 0 1 0 1 2 0 0 0
 2012 7 4 0 0 238.178 0 0 0 0 0 0 0 0 0 0 1 3 1 13 8 17 29 40 65 105 124 149 192 122 101 53 29 5 6 5 5 3 1 2 1 0 1
 2013 7 4 0 0 205.34 0 0 0 0 0 0 1 0 0 0 3 2 2 6 7 20 37 45 62 90 116 139 123 105 88 40 18 10 5 2 3 1 0 2 2 1 0
 2014 7 4 0 0 131.11 0 0 0 0 0 0 0 0 1 0 0 1 0 0 8 20 22 39 47 53 75 70 61 75 54 30 20 7 4 4 3 0 1 0 0 0 0
 2015 7 4 0 0 96.168 0 0 0 0 0 0 1 0 1 0 0 1 0 1 5 11 31 39 57 55 49 63 31 39 21 16 10 4 1 0 0 0 0 0 0 0 0
 2016 7 4 0 0 98.272 0 0 0 0 0 0 0 0 0 0 1 0 0 1 5 6 18 29 38 40 44 58 58 45 49 22 18 6 1 1 2 0 1 1 0 0 0
 2017 7 4 0 0 104.964 0 0 0 0 0 0 0 0 0 0 0 1 4 8 10 15 22 27 33 37 39 44 46 64 53 38 21 6 4 1 2 0 1 1 1 0 0
 2018 7 4 0 0 69.746 0 0 0 0 0 0 0 0 0 0 0 0 2 4 8 5 6 11 14 16 35 40 30 41 31 30 23 6 9 1 2 0 1 1 0 1 0
 1987 7 5 0 0 19.11 0 0 0 0 0 0 0 0 0 0 0 0 0 1 0 0 0 0 2 2 5 6 8 7 9 11 10 3 3 1 2 2 1 0 0 0 0
 1988 7 5 0 0 100.48 0 0 0 0 0 0 0 0 0 0 0 0 0 1 3 1 13 18 26 52 73 90 78 76 62 51 44 27 19 12 10 2 2 1 1 0 2
 1989 7 5 0 0 120.89 0 0 0 0 0 0 0 0 0 0 0 0 0 0 1 1 3 8 15 35 70 103 113 122 95 74 28 29 15 9 2 0 1 0 2 0 1
 1990 7 5 0 0 24.63 0 0 0 0 0 0 0 0 0 0 0 0 0 0 0 0 0 1 5 6 5 8 15 17 20 12 9 4 4 2 0 0 1 0 0 0 0
 1991 7 5 0 0 88.54 0 0 0 0 0 0 0 0 0 0 0 0 0 0 1 1 4 0 14 27 48 77 104 121 131 80 51 29 19 9 4 0 0 0 0 0 2
 1992 7 5 0 0 113.66 0 0 0 0 0 0 0 0 0 0 0 0 0 0 0 0 5 5 11 31 56 90 128 151 128 110 61 37 16 8 1 0 0 0 0 0 0
 1993 7 5 0 0 117.98 0 0 0 0 0 0 0 0 0 0 0 0 0 0 1 1 7 10 16 23 39 71 92 90 89 77 54 22 9 8 4 0 1 0 0 0 0
 1994 7 5 0 0 137.45 0 0 0 0 0 0 0 0 0 0 0 0 0 0 2 1 9 15 19 43 48 81 122 110 89 82 63 28 13 3 3 1 0 2 1 0 0
 1995 7 5 0 0 171.97 0 0 0 0 0 0 0 0 0 0 0 0 1 0 3 6 6 10 29 37 86 160 188 178 150 132 95 57 22 8 2 0 1 0 0 0 0
 1996 7 5 0 0 195.48 0 0 0 0 0 0 0 0 0 0 0 0 0 4 5 12 13 35 50 71 117 142 213 196 183 150 90 46 20 10 3 2 1 0 1 0 0
 1997 7 5 0 0 206.05 0 0 0 0 0 0 0 0 0 0 0 0 0 2 1 4 11 29 59 107 153 221 240 193 176 100 68 25 15 5 5 0 1 0 0 0 0
 1998 7 5 0 0 156.36 0 0 0 0 0 0 0 0 0 0 0 0 0 2 2 9 23 35 76 82 138 167 164 132 102 63 27 9 12 3 2 0 0 0 0 0 0
 2001 7 8 0 0 70.54 55 20 1 8 4 8 2 6 2 1 15 2 2 5 0 8 0 4 7 6 46 4 1 4 1 9 0 1 0 0 0 0 0 0 0 0 0
 2002 7 8 0 0 86.66 116 2 1 4 7 7 6 8 4 6 9 4 4 8 0 44 0 6 3 14 55 8 9 20 0 54 0 6 1 3 4 1 0 0 0 0 0
 2003 7 8 0 0 97.11 22 6 19 7 2 3 0 4 1 1 5 2 2 4 2 17 4 5 7 10 76 2 6 24 5 49 0 4 1 0 14 0 0 0 0 0 0
 2004 7 8 0 0 85.84 0 1 3 7 15 17 3 3 1 3 4 3 5 7 1 31 2 20 16 20 54 6 11 21 2 36 3 6 3 1 6 0 0 1 0 0 0
 2005 7 8 0 0 81.87 1 0 1 1 0 4 3 12 2 4 9 3 1 14 4 8 5 22 8 26 23 24 13 15 6 15 2 5 4 1 3 1 0 0 0 0 0
 2006 7 8 0 0 83.4 0 0 1 3 3 3 4 4 1 2 2 3 2 4 2 20 4 23 13 19 27 23 9 23 2 14 0 6 1 1 1 0 0 0 0 0 0
 2007 7 8 0 0 78.92 1 1 1 1 0 0 0 4 1 4 4 0 2 3 1 6 3 13 8 17 20 20 2 20 6 8 2 3 3 2 0 0 0 0 0 0 0
 2008 7 8 0 0 80.86 0 0 0 3 0 2 0 2 4 2 3 6 3 8 0 10 4 15 13 21 23 21 19 15 3 7 3 1 2 4 0 1 1 1 0 1 1
 2009 7 8 0 0 78.78 5 2 0 3 3 5 1 2 1 0 2 1 5 4 3 11 10 14 9 10 8 12 6 16 4 4 1 5 0 2 2 0 0 0 0 0 0
 2010 7 8 0 0 68.08 1 6 1 6 4 6 2 5 2 5 3 3 5 2 4 8 7 13 13 13 10 8 6 3 1 3 2 0 1 0 0 0 0 0 0 0 0
 2011 7 8 0 0 86.2 1 4 14 15 13 21 4 8 1 7 6 4 4 7 4 19 9 15 12 11 16 9 11 11 4 14 1 8 3 1 1 1 0 0 0 0 0
 2012 7 8 0 0 52.81 1 0 1 3 4 7 5 11 2 5 7 2 2 10 1 15 1 5 4 15 19 19 18 5 1 6 4 2 4 0 3 0 0 0 0 1 0
 2013 7 8 0 0 79.06 0 1 3 7 3 8 5 13 2 10 10 10 4 6 2 11 1 8 2 11 26 14 9 33 5 40 4 7 2 1 0 0 0 0 0 0 0
 2014 7 8 0 0 82.91 46 46 8 0 0 2 1 3 0 5 11 3 4 3 1 10 3 11 1 10 28 21 18 26 3 34 2 6 1 1 2 0 0 0 0 0 0
 2015 7 8 0 0 107.54 143 92 13 8 7 20 6 8 2 4 1 11 4 10 4 7 9 21 19 31 18 31 27 21 4 18 5 8 1 4 1 2 0 0 0 0 0
 2016 7 8 0 0 80.22 47 41 86 15 6 5 1 5 2 1 4 1 1 2 1 7 6 10 10 9 16 9 11 8 6 9 9 7 1 0 4 0 2 0 1 0 0
 2017 7 8 0 0 80.19 19 76 27 15 13 5 5 1 3 6 4 3 5 13 4 15 6 16 12 10 16 11 7 6 4 3 0 2 3 1 3 1 0 1 0 0 0
 2018 7 8 0 0 78.48 0 2 1 15 6 6 1 1 2 5 5 4 4 11 9 7 15 25 38 26 20 18 4 12 3 4 8 3 2 1 2 1 0 2 0 0 0
 2007 7 9 0 0 171.15 0 0 0 0 0 0 0 0 0 0 0 0 1 3 11 6 22 22 96 87 230 205 409 236 377 175 175 49 33 9 0 0 0 1 0 0 0
 2008 7 9 0 0 254.28 0 0 0 0 0 0 0 0 0 0 0 1 1 4 7 12 37 63 112 169 285 384 477 475 403 352 188 114 30 11 13 1 1 3 0 0 0
 2009 7 9 0 0 145.53 0 0 0 0 0 0 0 0 0 0 0 0 2 1 1 6 6 22 40 67 113 191 227 275 244 171 127 56 21 8 1 0 0 0 0 0 0
 2010 7 9 0 0 156.48 0 0 0 0 0 0 0 0 0 0 1 1 2 0 8 15 15 27 46 111 184 209 305 366 359 277 176 66 24 5 1 0 2 1 0 0 0
 2011 7 9 0 0 152.89 0 0 0 0 0 0 0 0 0 0 1 2 0 1 2 5 9 17 25 44 110 170 218 296 316 253 156 74 20 4 2 1 0 0 0 0 1
 2012 7 9 0 0 156.48 0 0 0 0 0 0 0 0 0 1 1 1 1 4 3 5 13 21 39 58 95 160 230 264 290 283 197 97 36 14 5 1 0 1 0 0 0
 2013 7 9 0 0 79.95 0 0 0 0 0 0 0 0 0 0 1 0 2 2 3 2 5 4 9 10 25 40 56 89 124 123 87 59 28 12 4 0 0 0 0 0 0
 2014 7 9 0 0 147.85 0 1 0 0 0 0 0 0 1 0 1 0 3 4 2 13 17 22 31 42 72 104 153 218 266 265 219 134 64 16 5 2 0 0 0 0 0
 2015 7 9 0 0 88.02 0 0 1 0 0 0 0 0 0 0 1 0 0 4 4 9 10 13 30 32 37 49 82 119 196 205 179 101 35 8 2 2 0 0 0 1 1
 2016 7 9 0 0 156.48 0 0 0 0 0 0 0 0 0 0 0 0 5 5 5 7 15 20 33 51 78 126 210 291 329 336 268 140 74 13 7 0 1 1 0 0 0
 2017 7 9 0 0 226.14 0 0 0 0 0 0 0 0 0 0 1 1 1 1 6 15 28 22 40 84 128 171 261 313 344 320 324 201 74 43 14 5 3 1 1 0 0
 2018 7 9 0 0 141.81 0 0 0 0 0 0 0 0 0 0 0 0 1 2 0 6 12 15 33 34 78 134 236 291 324 332 232 130 82 28 4 0 0 0 0 0 1
-9999 0 0 0 0 0 0 0 0 0 0 0 0 0 0 0 0 0 0 0 0 0 0 0 0 0 0 0 0 0 0 0 0 0 0 0 0 0 0 0 0 0 0 
#
29 #_N_age_bins
 0 1 2 3 4 5 6 7 8 9 10 11 12 13 14 15 16 17 18 19 20 21 22 23 24 25 26 27 28
1 #_N_ageerror_definitions
 0.5 1.5 2.5 3.5 4.5 5.5 6.5 7.5 8.5 9.5 10.5 11.5 12.5 13.5 14.5 15.5 16.5 17.5 18.5 19.5 20.5 21.5 22.5 23.5 24.5 25.5 26.5 27.5 28.5
 0.062502 0.062502 0.127576 0.19503 0.264686 0.336378 0.409951 0.485258 0.562166 0.640548 0.720287 0.801273 0.883403 0.966584 1.05073 1.13575 1.22157 1.30813 1.39535 1.48318 1.57156 1.66043 1.74975 1.83947 1.92955 2.01995 2.11064 2.20158 2.29274
#_mintailcomp: upper and lower distribution for females and males separately are accumulated until exceeding this level.
#_addtocomp:  after accumulation of tails; this value added to all bins
#_males and females treated as combined gender below this bin number 
#_compressbins: accumulate upper tail by this number of bins; acts simultaneous with mintailcomp; set=0 for no forced accumulation
#_Comp_Error:  0=multinomial, 1=dirichlet
#_Comp_Error2:  parm number  for dirichlet
#_minsamplesize: minimum sample size; set to 1 to match 3.24, minimum value is 0.001
#_mintailcomp addtocomp combM+F CompressBins CompError ParmSelect minsamplesize
-1 1e-07 0 0 0 0 0.001 #_fleet:1_Com
-1 1e-07 0 0 0 0 0.001 #_fleet:2_ComDisc
-1 1e-07 0 0 0 0 0.001 #_fleet:3_RecNorth
-1 1e-07 0 0 0 0 0.001 #_fleet:4_RecSouth
-1 1e-07 0 0 0 0 0.001 #_fleet:5_DebCPFV
-1 1e-07 0 0 0 0 0.001 #_fleet:6_RecOnboardNorth
-1 1e-07 0 0 0 0 0.001 #_fleet:7_RecOnboardSouth
-1 1e-07 0 0 0 0 0.001 #_fleet:8_PISCO
-1 1e-07 0 0 0 0 0.001 #_fleet:9_CCFRP
-1 1e-07 0 0 0 0 0.001 #_fleet:10_RecDocksideNorth
-1 1e-07 0 0 0 0 0.001 #_fleet:11_RecDocksideSouth
-1 1e-07 0 0 0 0 0.001 #_fleet:12_Dummy1
3 #_Lbin_method_for_Age_Data: 1=poplenbins; 2=datalenbins; 3=lengths
# sex codes:  0=combined; 1=use female only; 2=use male only; 3=use both as joint sexxlength distribution
# partition codes:  (0=combined; 1=discard; 2=retained
#_yr month fleet sex part ageerr Lbin_lo Lbin_hi Nsamp datavector(female-male)
 2009 7 1 0 0 1 26 26 1 0 0 0 0 0 0 0 0 0 0 0 0 1 0 0 0 0 0 0 0 0 0 0 0 0 0 0 0 0
 2009 7 1 0 0 1 27 27 1 0 0 0 0 0 0 0 0 0 0 0 0 0 0 0 0 1 0 0 0 0 0 0 0 0 0 0 0 0
 2009 7 1 0 0 1 28 28 3 0 0 0 0 0 0 0 0 0 0 1 0 0 2 0 0 0 0 0 0 0 0 0 0 0 0 0 0 0
 2009 7 1 0 0 1 29 29 2 0 0 0 0 0 0 0 0 0 0 0 0 1 0 1 0 0 0 0 0 0 0 0 0 0 0 0 0 0
 2009 7 1 0 0 1 30 30 1 0 0 0 0 0 0 0 0 0 0 0 0 0 1 0 0 0 0 0 0 0 0 0 0 0 0 0 0 0
 2010 7 1 0 0 1 27 27 1 0 0 0 0 0 0 0 0 0 1 0 0 0 0 0 0 0 0 0 0 0 0 0 0 0 0 0 0 0
 2010 7 1 0 0 1 29 29 1 0 0 0 0 0 0 0 0 0 0 0 0 1 0 0 0 0 0 0 0 0 0 0 0 0 0 0 0 0
 2010 7 1 0 0 1 30 30 1 0 0 0 0 0 0 0 0 0 0 0 1 0 0 0 0 0 0 0 0 0 0 0 0 0 0 0 0 0
 2010 7 1 0 0 1 31 31 1 0 0 0 0 0 0 0 0 0 0 0 0 0 0 0 0 0 1 0 0 0 0 0 0 0 0 0 0 0
 2010 7 1 0 0 1 32 32 2 0 0 0 0 0 0 0 0 0 0 0 0 1 0 0 0 0 1 0 0 0 0 0 0 0 0 0 0 0
 2010 7 1 0 0 1 34 34 1 0 0 0 0 0 0 0 0 0 0 0 0 0 0 0 0 0 0 0 1 0 0 0 0 0 0 0 0 0
 2011 7 1 0 0 1 30 30 1 0 0 0 0 0 0 0 0 0 0 0 0 0 1 0 0 0 0 0 0 0 0 0 0 0 0 0 0 0
 2011 7 1 0 0 1 32 32 1 0 0 0 0 0 0 0 0 0 0 0 0 1 0 0 0 0 0 0 0 0 0 0 0 0 0 0 0 0
 2016 7 1 0 0 1 32 32 1 0 0 0 0 0 0 0 0 0 0 0 0 0 0 1 0 0 0 0 0 0 0 0 0 0 0 0 0 0
 2016 7 1 0 0 1 35 35 1 0 0 0 0 0 0 0 0 0 0 0 0 0 0 0 0 0 0 0 1 0 0 0 0 0 0 0 0 0
 2018 7 1 0 0 1 26 26 5 0 0 0 0 0 0 1 0 2 2 0 0 0 0 0 0 0 0 0 0 0 0 0 0 0 0 0 0 0
 2018 7 1 0 0 1 27 27 5 0 0 0 0 0 0 0 0 2 0 1 2 0 0 0 0 0 0 0 0 0 0 0 0 0 0 0 0 0
 2018 7 1 0 0 1 28 28 5 0 0 0 0 0 0 0 0 0 2 1 1 0 0 0 0 1 0 0 0 0 0 0 0 0 0 0 0 0
 2018 7 1 0 0 1 29 29 5 0 0 0 0 0 0 0 2 0 0 2 0 1 0 0 0 0 0 0 0 0 0 0 0 0 0 0 0 0
 2018 7 1 0 0 1 30 30 5 0 0 0 0 0 0 0 0 0 0 1 0 3 0 1 0 0 0 0 0 0 0 0 0 0 0 0 0 0
 2018 7 1 0 0 1 32 32 2 0 0 0 0 0 0 0 0 0 0 0 0 1 0 0 0 0 1 0 0 0 0 0 0 0 0 0 0 0
 1978 7 3 0 0 1 29 29 1 0 0 0 0 0 0 0 0 0 1 0 0 0 0 0 0 0 0 0 0 0 0 0 0 0 0 0 0 0
 1978 7 3 0 0 1 30 30 1 0 0 0 0 0 0 0 0 0 1 0 0 0 0 0 0 0 0 0 0 0 0 0 0 0 0 0 0 0
 1978 7 3 0 0 1 31 31 1 0 0 0 0 0 0 0 0 0 1 0 0 0 0 0 0 0 0 0 0 0 0 0 0 0 0 0 0 0
 1978 7 3 0 0 1 32 32 1 0 0 0 0 0 0 0 0 0 0 1 0 0 0 0 0 0 0 0 0 0 0 0 0 0 0 0 0 0
 1980 7 3 0 0 1 21 21 2 0 0 0 0 0 1 0 1 0 0 0 0 0 0 0 0 0 0 0 0 0 0 0 0 0 0 0 0 0
 1980 7 3 0 0 1 25 25 1 0 0 0 0 0 0 0 0 1 0 0 0 0 0 0 0 0 0 0 0 0 0 0 0 0 0 0 0 0
 1980 7 3 0 0 1 26 26 3 0 0 0 0 0 0 1 0 1 0 0 0 0 1 0 0 0 0 0 0 0 0 0 0 0 0 0 0 0
 1980 7 3 0 0 1 27 27 3 0 0 0 0 0 0 1 0 1 1 0 0 0 0 0 0 0 0 0 0 0 0 0 0 0 0 0 0 0
 1980 7 3 0 0 1 28 28 6 0 0 0 0 0 0 0 0 2 2 1 0 0 0 0 0 0 0 0 0 1 0 0 0 0 0 0 0 0
 1980 7 3 0 0 1 29 29 7 0 0 0 0 0 0 0 0 2 0 2 1 2 0 0 0 0 0 0 0 0 0 0 0 0 0 0 0 0
 1980 7 3 0 0 1 30 30 4 0 0 0 0 0 0 0 0 0 1 0 2 0 0 1 0 0 0 0 0 0 0 0 0 0 0 0 0 0
 1980 7 3 0 0 1 31 31 3 0 0 0 0 0 0 0 0 0 2 0 0 0 0 0 0 0 0 0 0 0 0 0 1 0 0 0 0 0
 1980 7 3 0 0 1 32 32 1 0 0 0 0 0 0 0 0 0 0 0 0 1 0 0 0 0 0 0 0 0 0 0 0 0 0 0 0 0
 1980 7 3 0 0 1 33 33 2 0 0 0 0 0 0 0 0 0 0 1 0 1 0 0 0 0 0 0 0 0 0 0 0 0 0 0 0 0
 1980 7 3 0 0 1 36 36 1 0 0 0 0 0 0 0 0 0 0 0 0 0 0 1 0 0 0 0 0 0 0 0 0 0 0 0 0 0
 1982 7 3 0 0 1 26 26 1 0 0 0 0 0 1 0 0 0 0 0 0 0 0 0 0 0 0 0 0 0 0 0 0 0 0 0 0 0
 1982 7 3 0 0 1 27 27 1 0 0 0 0 0 0 1 0 0 0 0 0 0 0 0 0 0 0 0 0 0 0 0 0 0 0 0 0 0
 1982 7 3 0 0 1 28 28 1 0 0 0 0 0 0 1 0 0 0 0 0 0 0 0 0 0 0 0 0 0 0 0 0 0 0 0 0 0
 1982 7 3 0 0 1 33 33 3 0 0 0 0 0 0 0 1 0 0 0 0 1 1 0 0 0 0 0 0 0 0 0 0 0 0 0 0 0
 1982 7 3 0 0 1 34 34 1 0 0 0 0 0 0 0 0 0 0 1 0 0 0 0 0 0 0 0 0 0 0 0 0 0 0 0 0 0
 1983 7 3 0 0 1 22 22 1 0 0 0 0 0 0 0 1 0 0 0 0 0 0 0 0 0 0 0 0 0 0 0 0 0 0 0 0 0
 1983 7 3 0 0 1 24 24 1 0 0 0 0 0 0 0 0 1 0 0 0 0 0 0 0 0 0 0 0 0 0 0 0 0 0 0 0 0
 1983 7 3 0 0 1 25 25 1 0 0 0 0 0 0 0 0 1 0 0 0 0 0 0 0 0 0 0 0 0 0 0 0 0 0 0 0 0
 1983 7 3 0 0 1 27 27 4 0 0 0 0 0 0 0 0 2 0 0 2 0 0 0 0 0 0 0 0 0 0 0 0 0 0 0 0 0
 1983 7 3 0 0 1 28 28 7 0 0 0 0 0 0 0 0 0 1 0 3 0 3 0 0 0 0 0 0 0 0 0 0 0 0 0 0 0
 1983 7 3 0 0 1 29 29 3 0 0 0 0 0 0 0 0 0 0 0 0 1 2 0 0 0 0 0 0 0 0 0 0 0 0 0 0 0
 1983 7 3 0 0 1 30 30 2 0 0 0 0 0 0 0 0 0 0 0 0 0 1 1 0 0 0 0 0 0 0 0 0 0 0 0 0 0
 1983 7 3 0 0 1 32 32 1 0 0 0 0 0 0 0 0 0 0 0 0 0 1 0 0 0 0 0 0 0 0 0 0 0 0 0 0 0
 1984 7 3 0 0 1 18 18 1 0 0 0 0 0 1 0 0 0 0 0 0 0 0 0 0 0 0 0 0 0 0 0 0 0 0 0 0 0
 1984 7 3 0 0 1 19 19 1 0 0 0 0 1 0 0 0 0 0 0 0 0 0 0 0 0 0 0 0 0 0 0 0 0 0 0 0 0
 1984 7 3 0 0 1 21 21 2 0 0 0 0 0 0 2 0 0 0 0 0 0 0 0 0 0 0 0 0 0 0 0 0 0 0 0 0 0
 1984 7 3 0 0 1 22 22 3 0 0 0 0 0 0 1 1 1 0 0 0 0 0 0 0 0 0 0 0 0 0 0 0 0 0 0 0 0
 1984 7 3 0 0 1 23 23 3 0 0 0 0 0 1 1 1 0 0 0 0 0 0 0 0 0 0 0 0 0 0 0 0 0 0 0 0 0
 1984 7 3 0 0 1 24 24 1 0 0 0 0 0 0 1 0 0 0 0 0 0 0 0 0 0 0 0 0 0 0 0 0 0 0 0 0 0
 1984 7 3 0 0 1 25 25 2 0 0 0 0 0 0 1 1 0 0 0 0 0 0 0 0 0 0 0 0 0 0 0 0 0 0 0 0 0
 1984 7 3 0 0 1 26 26 4 0 0 0 0 1 0 0 0 2 1 0 0 0 0 0 0 0 0 0 0 0 0 0 0 0 0 0 0 0
 1984 7 3 0 0 1 27 27 6 0 0 0 0 0 0 0 1 3 1 1 0 0 0 0 0 0 0 0 0 0 0 0 0 0 0 0 0 0
 1984 7 3 0 0 1 28 28 6 0 0 0 0 0 0 0 2 1 0 2 0 0 1 0 0 0 0 0 0 0 0 0 0 0 0 0 0 0
 1984 7 3 0 0 1 29 29 8 0 0 0 0 0 0 0 1 0 3 2 2 0 0 0 0 0 0 0 0 0 0 0 0 0 0 0 0 0
 1984 7 3 0 0 1 30 30 4 0 0 0 0 0 0 0 0 0 1 0 0 2 0 1 0 0 0 0 0 0 0 0 0 0 0 0 0 0
 1984 7 3 0 0 1 31 31 2 0 0 0 0 0 0 0 0 0 1 0 1 0 0 0 0 0 0 0 0 0 0 0 0 0 0 0 0 0
 1984 7 3 0 0 1 32 32 1 0 0 0 0 0 0 0 0 0 0 0 1 0 0 0 0 0 0 0 0 0 0 0 0 0 0 0 0 0
 1984 7 3 0 0 1 33 33 1 0 0 0 0 0 0 0 0 0 0 0 0 0 0 0 0 1 0 0 0 0 0 0 0 0 0 0 0 0
 1985 7 3 0 0 1 21 21 1 0 0 0 0 0 0 0 1 0 0 0 0 0 0 0 0 0 0 0 0 0 0 0 0 0 0 0 0 0
 1985 7 3 0 0 1 23 23 1 0 0 0 0 0 0 0 0 0 1 0 0 0 0 0 0 0 0 0 0 0 0 0 0 0 0 0 0 0
 1985 7 3 0 0 1 24 24 1 0 0 0 0 0 0 0 0 0 0 0 1 0 0 0 0 0 0 0 0 0 0 0 0 0 0 0 0 0
 1985 7 3 0 0 1 25 25 1 0 0 0 0 0 0 0 0 1 0 0 0 0 0 0 0 0 0 0 0 0 0 0 0 0 0 0 0 0
 1985 7 3 0 0 1 26 26 2 0 0 0 0 0 0 0 0 0 2 0 0 0 0 0 0 0 0 0 0 0 0 0 0 0 0 0 0 0
 1985 7 3 0 0 1 30 30 1 0 0 0 0 0 0 0 0 0 0 0 0 0 0 0 0 0 0 1 0 0 0 0 0 0 0 0 0 0
 1985 7 3 0 0 1 31 31 1 0 0 0 0 0 0 0 0 0 0 0 0 0 0 0 1 0 0 0 0 0 0 0 0 0 0 0 0 0
 1986 7 3 0 0 1 23 23 1 0 0 0 0 0 0 0 1 0 0 0 0 0 0 0 0 0 0 0 0 0 0 0 0 0 0 0 0 0
 1986 7 3 0 0 1 24 24 2 0 0 0 0 0 0 0 1 1 0 0 0 0 0 0 0 0 0 0 0 0 0 0 0 0 0 0 0 0
 1986 7 3 0 0 1 25 25 4 0 0 0 0 0 0 1 1 0 2 0 0 0 0 0 0 0 0 0 0 0 0 0 0 0 0 0 0 0
 1986 7 3 0 0 1 26 26 4 0 0 0 0 0 0 0 0 2 0 1 0 1 0 0 0 0 0 0 0 0 0 0 0 0 0 0 0 0
 1986 7 3 0 0 1 27 27 3 0 0 0 0 0 0 1 0 0 0 1 1 0 0 0 0 0 0 0 0 0 0 0 0 0 0 0 0 0
 1986 7 3 0 0 1 28 28 5 0 0 0 0 0 0 0 0 2 0 1 0 1 1 0 0 0 0 0 0 0 0 0 0 0 0 0 0 0
 1986 7 3 0 0 1 29 29 1 0 0 0 0 0 0 0 0 0 0 0 1 0 0 0 0 0 0 0 0 0 0 0 0 0 0 0 0 0
 1986 7 3 0 0 1 31 31 1 0 0 0 0 0 0 0 0 0 0 0 0 0 1 0 0 0 0 0 0 0 0 0 0 0 0 0 0 0
 2018 7 3 0 0 1 22 22 1 0 0 0 0 0 0 0 0 1 0 0 0 0 0 0 0 0 0 0 0 0 0 0 0 0 0 0 0 0
 2018 7 3 0 0 1 23 23 1 0 0 0 0 0 0 0 0 0 0 0 0 1 0 0 0 0 0 0 0 0 0 0 0 0 0 0 0 0
 2018 7 3 0 0 1 24 24 1 0 0 0 0 0 0 0 0 0 0 0 1 0 0 0 0 0 0 0 0 0 0 0 0 0 0 0 0 0
 2018 7 3 0 0 1 25 25 2 0 0 0 0 0 0 0 0 0 1 0 0 1 0 0 0 0 0 0 0 0 0 0 0 0 0 0 0 0
 2018 7 3 0 0 1 26 26 4 0 0 0 0 0 0 0 0 0 0 0 0 0 2 1 0 1 0 0 0 0 0 0 0 0 0 0 0 0
 2018 7 3 0 0 1 27 27 2 0 0 0 0 0 0 0 0 0 0 0 1 0 0 0 1 0 0 0 0 0 0 0 0 0 0 0 0 0
 2018 7 3 0 0 1 28 28 1 0 0 0 0 0 0 0 0 0 0 0 0 1 0 0 0 0 0 0 0 0 0 0 0 0 0 0 0 0
 2018 7 3 0 0 1 29 29 3 0 0 0 0 0 0 0 0 0 0 1 0 0 1 0 0 1 0 0 0 0 0 0 0 0 0 0 0 0
 2018 7 3 0 0 1 31 31 1 0 0 0 0 0 0 0 0 0 0 0 0 0 0 0 0 1 0 0 0 0 0 0 0 0 0 0 0 0
 2018 7 3 0 0 1 32 32 1 0 0 0 0 0 0 0 0 0 0 0 0 0 0 0 0 0 0 0 1 0 0 0 0 0 0 0 0 0
 2007 7 9 0 0 1 17 17 1 0 0 0 0 0 0 0 0 1 0 0 0 0 0 0 0 0 0 0 0 0 0 0 0 0 0 0 0 0
 2007 7 9 0 0 1 20 20 3 0 0 0 0 0 0 0 0 0 2 0 0 0 1 0 0 0 0 0 0 0 0 0 0 0 0 0 0 0
 2007 7 9 0 0 1 21 21 5 0 0 0 0 0 0 0 1 0 0 3 0 1 0 0 0 0 0 0 0 0 0 0 0 0 0 0 0 0
 2007 7 9 0 0 1 22 22 14 0 0 0 0 0 0 0 0 1 0 4 2 1 4 0 1 0 1 0 0 0 0 0 0 0 0 0 0 0
 2007 7 9 0 0 1 23 23 16 0 0 0 0 0 0 0 1 2 3 1 4 1 3 1 0 0 0 0 0 0 0 0 0 0 0 0 0 0
 2007 7 9 0 0 1 24 24 26 0 0 0 0 0 1 0 1 1 3 4 3 4 3 3 2 0 1 0 0 0 0 0 0 0 0 0 0 0
 2007 7 9 0 0 1 25 25 34 0 0 0 0 0 0 0 0 0 4 6 4 5 9 3 2 1 0 0 0 0 0 0 0 0 0 0 0 0
 2007 7 9 0 0 1 26 26 31 0 0 0 0 0 0 0 0 3 5 7 5 3 1 1 2 1 0 0 0 0 1 1 1 0 0 0 0 0
 2007 7 9 0 0 1 27 27 30 0 0 0 0 0 0 0 2 0 4 1 3 5 1 4 3 2 1 1 1 1 1 0 0 0 0 0 0 0
 2007 7 9 0 0 1 28 28 33 0 0 0 0 0 0 0 0 0 2 2 3 1 4 4 6 5 2 3 0 0 0 1 0 0 0 0 0 0
 2007 7 9 0 0 1 29 29 13 0 0 0 0 0 0 0 0 0 0 2 1 2 1 0 0 2 1 2 0 2 0 0 0 0 0 0 0 0
 2007 7 9 0 0 1 30 30 10 0 0 0 0 0 0 0 0 0 0 0 1 2 0 1 3 0 2 1 0 0 0 0 0 0 0 0 0 0
 2007 7 9 0 0 1 31 31 1 0 0 0 0 0 0 0 0 0 0 0 0 0 0 0 0 0 0 0 1 0 0 0 0 0 0 0 0 0
 2008 7 9 0 0 1 17 17 1 0 0 0 0 0 0 0 0 0 0 1 0 0 0 0 0 0 0 0 0 0 0 0 0 0 0 0 0 0
 2008 7 9 0 0 1 18 18 1 0 0 0 0 0 0 0 0 0 0 1 0 0 0 0 0 0 0 0 0 0 0 0 0 0 0 0 0 0
 2008 7 9 0 0 1 19 19 3 0 0 0 0 0 0 0 0 0 1 1 1 0 0 0 0 0 0 0 0 0 0 0 0 0 0 0 0 0
 2008 7 9 0 0 1 20 20 2 0 0 0 0 0 0 1 0 0 0 0 1 0 0 0 0 0 0 0 0 0 0 0 0 0 0 0 0 0
 2008 7 9 0 0 1 21 21 11 0 0 0 0 0 0 0 0 0 2 3 3 2 0 0 0 0 0 0 1 0 0 0 0 0 0 0 0 0
 2008 7 9 0 0 1 22 22 16 0 0 0 0 0 0 0 1 2 1 3 4 1 1 0 2 0 0 1 0 0 0 0 0 0 0 0 0 0
 2008 7 9 0 0 1 23 23 30 0 0 0 0 0 0 0 1 1 3 2 7 4 4 6 0 1 0 1 0 0 0 0 0 0 0 0 0 0
 2008 7 9 0 0 1 24 24 31 0 0 0 0 0 0 0 1 1 1 2 2 6 4 4 6 2 2 0 0 0 0 0 0 0 0 0 0 0
 2008 7 9 0 0 1 25 25 44 0 0 0 0 0 0 0 0 0 2 3 2 5 8 9 6 4 1 3 0 0 1 0 0 0 0 0 0 0
 2008 7 9 0 0 1 26 26 33 0 0 0 0 0 0 0 0 0 0 3 3 6 7 5 4 2 0 1 0 1 1 0 0 0 0 0 0 0
 2008 7 9 0 0 1 27 27 46 0 0 0 0 0 0 0 0 0 4 3 7 6 7 1 5 4 4 2 2 1 0 0 0 0 0 0 0 0
 2008 7 9 0 0 1 28 28 48 0 0 0 0 0 0 0 0 0 4 2 5 6 9 7 6 4 2 2 0 1 0 0 0 0 0 0 0 0
 2008 7 9 0 0 1 29 29 27 0 0 0 0 0 0 0 0 1 2 1 3 6 1 2 1 2 2 4 0 0 1 1 0 0 0 0 0 0
 2008 7 9 0 0 1 30 30 13 0 0 0 0 0 0 0 0 0 0 0 0 2 3 1 3 0 2 1 0 0 0 0 0 0 0 0 1 0
 2008 7 9 0 0 1 31 31 7 0 0 0 0 0 0 0 0 0 0 0 0 0 0 0 1 1 2 0 1 0 0 0 1 1 0 0 0 0
 2008 7 9 0 0 1 32 32 2 0 0 0 0 0 0 0 0 0 0 0 0 0 0 0 0 1 0 0 0 0 0 0 0 0 1 0 0 0
 2009 7 9 0 0 1 20 20 2 0 0 0 0 0 0 1 0 0 1 0 0 0 0 0 0 0 0 0 0 0 0 0 0 0 0 0 0 0
 2009 7 9 0 0 1 21 21 7 0 0 0 0 0 0 0 0 1 1 1 1 0 0 1 1 0 1 0 0 0 0 0 0 0 0 0 0 0
 2009 7 9 0 0 1 22 22 8 0 0 0 0 0 0 0 0 1 2 1 1 0 0 1 1 0 1 0 0 0 0 0 0 0 0 0 0 0
 2009 7 9 0 0 1 23 23 30 0 0 0 0 0 0 0 1 0 0 1 4 5 2 4 4 5 0 3 1 0 0 0 0 0 0 0 0 0
 2009 7 9 0 0 1 24 24 28 0 0 0 0 0 0 0 0 1 1 5 2 3 3 0 3 3 3 1 0 1 2 0 0 0 0 0 0 0
 2009 7 9 0 0 1 25 25 44 0 0 0 0 0 0 0 1 1 0 1 4 5 7 6 6 3 2 1 1 2 1 2 1 0 0 0 0 0
 2009 7 9 0 0 1 26 26 53 0 0 0 0 0 0 0 1 0 2 5 4 9 7 2 4 6 2 5 1 5 0 0 0 0 0 0 0 0
 2009 7 9 0 0 1 27 27 46 0 0 0 0 0 0 0 0 0 0 3 2 1 4 3 8 8 6 4 4 0 2 0 0 1 0 0 0 0
 2009 7 9 0 0 1 28 28 42 0 0 0 0 0 0 0 0 0 2 1 1 1 4 7 5 6 2 2 5 1 1 1 2 1 0 0 0 0
 2009 7 9 0 0 1 29 29 28 0 0 0 0 0 0 0 0 0 0 0 5 5 2 2 2 2 3 2 2 1 0 0 0 0 0 0 1 1
 2009 7 9 0 0 1 30 30 20 0 0 0 0 0 0 0 0 0 0 1 2 1 1 1 3 2 4 3 1 0 1 0 0 0 0 0 0 0
 2009 7 9 0 0 1 31 31 10 0 0 0 0 0 0 0 0 0 0 0 0 0 1 2 1 2 0 0 0 2 0 0 1 0 1 0 0 0
 2009 7 9 0 0 1 32 32 3 0 0 0 0 0 0 0 0 0 0 0 0 0 0 0 0 0 1 2 0 0 0 0 0 0 0 0 0 0
 2012 7 9 0 0 1 17 17 2 0 0 0 0 0 2 0 0 0 0 0 0 0 0 0 0 0 0 0 0 0 0 0 0 0 0 0 0 0
 2012 7 9 0 0 1 19 19 3 0 0 0 0 0 1 0 1 1 0 0 0 0 0 0 0 0 0 0 0 0 0 0 0 0 0 0 0 0
 2012 7 9 0 0 1 21 21 2 0 0 0 0 0 0 1 0 0 0 0 0 0 1 0 0 0 0 0 0 0 0 0 0 0 0 0 0 0
 2012 7 9 0 0 1 22 22 7 0 0 0 0 0 0 1 0 0 1 1 0 0 1 0 0 2 0 1 0 0 0 0 0 0 0 0 0 0
 2012 7 9 0 0 1 23 23 6 0 0 0 0 0 0 0 1 0 0 1 0 1 0 0 1 0 1 0 0 1 0 0 0 0 0 0 0 0
 2012 7 9 0 0 1 24 24 3 0 0 0 0 0 0 0 0 0 0 0 0 1 0 0 1 0 0 0 0 0 1 0 0 0 0 0 0 0
 2012 7 9 0 0 1 25 25 2 0 0 0 0 0 0 0 0 0 0 0 1 1 0 0 0 0 0 0 0 0 0 0 0 0 0 0 0 0
 2012 7 9 0 0 1 26 26 14 0 0 0 0 0 0 0 0 0 1 3 1 1 2 0 0 5 0 1 0 0 0 0 0 0 0 0 0 0
 2012 7 9 0 0 1 27 27 6 0 0 0 0 0 0 0 0 1 0 0 1 0 0 1 0 0 0 1 1 0 0 0 0 1 0 0 0 0
 2012 7 9 0 0 1 28 28 5 0 0 0 0 0 0 0 0 0 0 0 0 0 0 0 3 0 0 0 0 0 1 0 1 0 0 0 0 0
 2012 7 9 0 0 1 29 29 11 0 0 0 0 0 0 0 0 0 0 1 2 1 2 2 1 1 1 0 0 0 0 0 0 0 0 0 0 0
 2012 7 9 0 0 1 30 30 7 0 0 0 0 0 0 0 0 0 0 0 0 0 1 3 0 0 1 0 1 1 0 0 0 0 0 0 0 0
 2012 7 9 0 0 1 31 31 8 0 0 0 0 0 0 0 0 1 0 0 0 0 0 0 1 0 1 1 1 0 0 1 1 0 0 1 0 0
 2012 7 9 0 0 1 32 32 3 0 0 0 0 0 0 0 0 0 0 0 0 0 0 0 1 1 1 0 0 0 0 0 0 0 0 0 0 0
 2012 7 9 0 0 1 33 33 4 0 0 0 0 0 0 0 0 0 0 0 0 0 0 1 1 0 0 0 0 2 0 0 0 0 0 0 0 0
 2013 7 9 0 0 1 16 16 2 0 0 0 0 0 0 2 0 0 0 0 0 0 0 0 0 0 0 0 0 0 0 0 0 0 0 0 0 0
 2013 7 9 0 0 1 18 18 2 0 0 0 0 0 2 0 0 0 0 0 0 0 0 0 0 0 0 0 0 0 0 0 0 0 0 0 0 0
 2013 7 9 0 0 1 19 19 3 0 0 0 0 0 0 1 1 1 0 0 0 0 0 0 0 0 0 0 0 0 0 0 0 0 0 0 0 0
 2013 7 9 0 0 1 20 20 5 0 0 0 0 0 0 1 4 0 0 0 0 0 0 0 0 0 0 0 0 0 0 0 0 0 0 0 0 0
 2013 7 9 0 0 1 21 21 6 0 0 0 0 0 0 0 1 1 1 1 0 1 1 0 0 0 0 0 0 0 0 0 0 0 0 0 0 0
 2013 7 9 0 0 1 22 22 7 0 0 0 0 0 0 1 1 1 2 1 1 0 0 0 0 0 0 0 0 0 0 0 0 0 0 0 0 0
 2013 7 9 0 0 1 23 23 8 0 0 0 0 0 0 0 0 2 1 1 2 1 0 1 0 0 0 0 0 0 0 0 0 0 0 0 0 0
 2013 7 9 0 0 1 24 24 4 0 0 0 0 0 0 0 0 1 0 0 0 0 1 2 0 0 0 0 0 0 0 0 0 0 0 0 0 0
 2013 7 9 0 0 1 25 25 8 0 0 0 0 0 0 0 1 1 0 0 0 1 1 0 1 0 3 0 0 0 0 0 0 0 0 0 0 0
 2013 7 9 0 0 1 26 26 9 0 0 0 0 0 0 0 0 2 2 0 0 1 1 0 1 2 0 0 0 0 0 0 0 0 0 0 0 0
 2013 7 9 0 0 1 27 27 8 0 0 0 0 0 0 0 0 1 1 0 1 1 1 1 2 0 0 0 0 0 0 0 0 0 0 0 0 0
 2013 7 9 0 0 1 28 28 7 0 0 0 0 0 0 0 0 1 0 0 0 1 0 1 1 0 1 1 0 0 0 0 1 0 0 0 0 0
 2013 7 9 0 0 1 29 29 9 0 0 0 0 0 1 0 0 0 0 2 0 1 0 0 1 1 1 0 1 0 0 0 0 0 0 1 0 0
 2013 7 9 0 0 1 30 30 11 0 0 0 0 0 0 0 0 1 1 1 1 0 1 1 1 0 1 1 0 0 0 2 0 0 0 0 0 0
 2013 7 9 0 0 1 31 31 12 0 0 0 0 0 0 0 0 0 1 1 0 2 2 1 1 1 1 0 1 0 1 0 0 0 0 0 0 0
 2013 7 9 0 0 1 32 32 2 0 0 0 0 0 0 0 0 0 0 0 0 0 0 0 0 1 0 0 0 0 0 0 0 1 0 0 0 0
 2013 7 9 0 0 1 33 33 4 0 0 0 0 0 0 0 0 0 0 1 0 0 1 0 1 0 0 0 1 0 0 0 0 0 0 0 0 0
 2013 7 9 0 0 1 34 34 2 0 0 0 0 0 0 0 0 0 0 0 0 1 0 0 1 0 0 0 0 0 0 0 0 0 0 0 0 0
 2017 7 9 0 0 1 19 19 2 0 0 0 0 1 0 0 1 0 0 0 0 0 0 0 0 0 0 0 0 0 0 0 0 0 0 0 0 0
 2017 7 9 0 0 1 20 20 1 0 0 0 0 0 0 0 1 0 0 0 0 0 0 0 0 0 0 0 0 0 0 0 0 0 0 0 0 0
 2017 7 9 0 0 1 21 21 1 0 0 0 0 0 0 1 0 0 0 0 0 0 0 0 0 0 0 0 0 0 0 0 0 0 0 0 0 0
 2017 7 9 0 0 1 22 22 2 0 0 0 0 0 0 0 0 0 0 1 0 1 0 0 0 0 0 0 0 0 0 0 0 0 0 0 0 0
 2017 7 9 0 0 1 23 23 1 0 0 0 0 0 0 0 1 0 0 0 0 0 0 0 0 0 0 0 0 0 0 0 0 0 0 0 0 0
 2017 7 9 0 0 1 24 24 5 0 0 0 0 0 0 0 2 0 1 0 2 0 0 0 0 0 0 0 0 0 0 0 0 0 0 0 0 0
 2017 7 9 0 0 1 25 25 5 0 0 0 0 0 0 0 0 0 1 3 0 1 0 0 0 0 0 0 0 0 0 0 0 0 0 0 0 0
 2017 7 9 0 0 1 26 26 11 0 0 0 0 0 0 0 2 5 2 0 0 0 2 0 0 0 0 0 0 0 0 0 0 0 0 0 0 0
 2017 7 9 0 0 1 27 27 12 0 0 0 0 0 0 1 2 1 2 1 1 1 1 2 0 0 0 0 0 0 0 0 0 0 0 0 0 0
 2017 7 9 0 0 1 28 28 6 0 0 0 0 0 0 0 0 0 1 0 1 0 0 2 0 1 0 0 0 0 1 0 0 0 0 0 0 0
 2017 7 9 0 0 1 29 29 3 0 0 0 0 0 0 0 0 1 0 0 0 0 1 0 1 0 0 0 0 0 0 0 0 0 0 0 0 0
 2017 7 9 0 0 1 30 30 3 0 0 0 0 0 0 0 0 0 1 0 0 0 0 0 0 1 0 0 1 0 0 0 0 0 0 0 0 0
 2017 7 9 0 0 1 31 31 1 0 0 0 0 0 0 0 0 0 0 0 0 0 0 0 1 0 0 0 0 0 0 0 0 0 0 0 0 0
 2017 7 9 0 0 1 32 32 5 0 0 0 0 0 0 0 0 0 0 1 1 1 1 0 0 0 0 0 1 0 0 0 0 0 0 0 0 0
 2017 7 9 0 0 1 33 33 3 0 0 0 0 0 0 0 0 0 0 1 0 0 1 0 0 0 0 1 0 0 0 0 0 0 0 0 0 0
 2018 7 9 0 0 1 16 16 1 0 0 0 0 1 0 0 0 0 0 0 0 0 0 0 0 0 0 0 0 0 0 0 0 0 0 0 0 0
 2018 7 9 0 0 1 21 21 2 0 0 0 0 0 0 0 2 0 0 0 0 0 0 0 0 0 0 0 0 0 0 0 0 0 0 0 0 0
 2018 7 9 0 0 1 22 22 2 0 0 0 0 0 0 0 0 2 0 0 0 0 0 0 0 0 0 0 0 0 0 0 0 0 0 0 0 0
 2018 7 9 0 0 1 23 23 4 0 0 0 0 0 0 0 3 1 0 0 0 0 0 0 0 0 0 0 0 0 0 0 0 0 0 0 0 0
 2018 7 9 0 0 1 24 24 4 0 0 0 0 0 1 0 1 1 1 0 0 0 0 0 0 0 0 0 0 0 0 0 0 0 0 0 0 0
 2018 7 9 0 0 1 25 25 5 0 0 0 0 0 2 0 0 2 0 1 0 0 0 0 0 0 0 0 0 0 0 0 0 0 0 0 0 0
 2018 7 9 0 0 1 26 26 7 0 0 0 0 0 0 0 1 1 0 1 2 1 1 0 0 0 0 0 0 0 0 0 0 0 0 0 0 0
 2018 7 9 0 0 1 27 27 6 0 0 0 0 0 0 0 1 0 0 0 0 1 3 0 0 0 0 1 0 0 0 0 0 0 0 0 0 0
 2018 7 9 0 0 1 28 28 18 0 0 0 0 0 0 2 1 2 2 2 1 1 1 1 1 2 0 2 0 0 0 0 0 0 0 0 0 0
 2018 7 9 0 0 1 29 29 16 0 0 0 0 0 0 1 1 4 2 1 0 2 2 0 2 1 0 0 0 0 0 0 0 0 0 0 0 0
 2018 7 9 0 0 1 30 30 10 0 0 0 0 0 0 0 2 1 1 0 0 0 2 2 0 1 0 0 0 1 0 0 0 0 0 0 0 0
 2018 7 9 0 0 1 31 31 11 0 0 0 0 0 0 0 0 0 0 1 2 3 0 0 0 0 1 1 1 0 1 0 1 0 0 0 0 0
 2018 7 9 0 0 1 32 32 3 0 0 0 0 0 0 0 0 0 0 0 1 0 0 0 0 1 0 0 0 1 0 0 0 0 0 0 0 0
 2018 7 9 0 0 1 33 33 3 0 0 0 0 0 0 0 0 0 0 0 0 0 0 0 0 1 0 1 1 0 0 0 0 0 0 0 0 0
 1983 7 12 0 0 1 11 11 1 0 0 0 1 0 0 0 0 0 0 0 0 0 0 0 0 0 0 0 0 0 0 0 0 0 0 0 0 0
 1983 7 12 0 0 1 13 13 3 0 0 1 1 1 0 0 0 0 0 0 0 0 0 0 0 0 0 0 0 0 0 0 0 0 0 0 0 0
 1983 7 12 0 0 1 14 14 5 0 0 0 0 1 2 1 1 0 0 0 0 0 0 0 0 0 0 0 0 0 0 0 0 0 0 0 0 0
 1983 7 12 0 0 1 15 15 2 0 0 0 0 0 0 0 1 1 0 0 0 0 0 0 0 0 0 0 0 0 0 0 0 0 0 0 0 0
 1983 7 12 0 0 1 16 16 3 0 0 0 0 0 1 0 2 0 0 0 0 0 0 0 0 0 0 0 0 0 0 0 0 0 0 0 0 0
 1983 7 12 0 0 1 17 17 3 0 0 0 0 0 1 1 0 1 0 0 0 0 0 0 0 0 0 0 0 0 0 0 0 0 0 0 0 0
 1983 7 12 0 0 1 18 18 5 0 0 0 0 0 2 1 1 1 0 0 0 0 0 0 0 0 0 0 0 0 0 0 0 0 0 0 0 0
 1983 7 12 0 0 1 19 19 4 0 0 0 1 0 1 0 0 1 1 0 0 0 0 0 0 0 0 0 0 0 0 0 0 0 0 0 0 0
 1983 7 12 0 0 1 20 20 2 0 0 0 0 0 0 1 0 0 0 0 0 1 0 0 0 0 0 0 0 0 0 0 0 0 0 0 0 0
 1983 7 12 0 0 1 21 21 4 0 0 0 0 0 0 0 0 1 0 2 0 1 0 0 0 0 0 0 0 0 0 0 0 0 0 0 0 0
 1983 7 12 0 0 1 22 22 12 0 0 0 0 0 0 2 1 0 1 2 1 2 3 0 0 0 0 0 0 0 0 0 0 0 0 0 0 0
 1983 7 12 0 0 1 23 23 8 0 0 0 0 0 0 1 1 0 0 2 1 1 0 1 1 0 0 0 0 0 0 0 0 0 0 0 0 0
 1983 7 12 0 0 1 24 24 13 0 0 0 0 0 0 1 1 2 1 1 1 2 2 1 0 1 0 0 0 0 0 0 0 0 0 0 0 0
 1983 7 12 0 0 1 25 25 12 0 0 0 0 0 0 0 1 1 2 5 1 0 1 0 1 0 0 0 0 0 0 0 0 0 0 0 0 0
 1983 7 12 0 0 1 26 26 14 0 0 0 0 0 0 0 1 2 1 2 2 1 4 1 0 0 0 0 0 0 0 0 0 0 0 0 0 0
 1983 7 12 0 0 1 27 27 6 0 0 0 0 0 0 0 0 1 0 1 1 1 0 1 0 0 1 0 0 0 0 0 0 0 0 0 0 0
 1983 7 12 0 0 1 28 28 4 0 0 0 0 0 0 0 0 0 0 0 0 2 0 0 1 0 0 1 0 0 0 0 0 0 0 0 0 0
 1983 7 12 0 0 1 29 29 4 0 0 0 0 0 0 0 0 0 0 0 1 0 2 0 1 0 0 0 0 0 0 0 0 0 0 0 0 0
 1983 7 12 0 0 1 30 30 1 0 0 0 0 0 0 0 0 0 0 0 0 0 0 1 0 0 0 0 0 0 0 0 0 0 0 0 0 0
 1984 7 12 0 0 1 7 7 2 0 0 2 0 0 0 0 0 0 0 0 0 0 0 0 0 0 0 0 0 0 0 0 0 0 0 0 0 0
 1984 7 12 0 0 1 8 8 1 0 0 0 1 0 0 0 0 0 0 0 0 0 0 0 0 0 0 0 0 0 0 0 0 0 0 0 0 0
 1984 7 12 0 0 1 9 9 1 0 0 0 1 0 0 0 0 0 0 0 0 0 0 0 0 0 0 0 0 0 0 0 0 0 0 0 0 0
 1984 7 12 0 0 1 12 12 1 0 0 1 0 0 0 0 0 0 0 0 0 0 0 0 0 0 0 0 0 0 0 0 0 0 0 0 0 0
 1984 7 12 0 0 1 13 13 4 0 0 1 2 1 0 0 0 0 0 0 0 0 0 0 0 0 0 0 0 0 0 0 0 0 0 0 0 0
 1984 7 12 0 0 1 14 14 1 0 0 0 0 0 1 0 0 0 0 0 0 0 0 0 0 0 0 0 0 0 0 0 0 0 0 0 0 0
 1984 7 12 0 0 1 15 15 6 0 0 1 3 2 0 0 0 0 0 0 0 0 0 0 0 0 0 0 0 0 0 0 0 0 0 0 0 0
 1984 7 12 0 0 1 16 16 6 0 0 0 2 0 2 2 0 0 0 0 0 0 0 0 0 0 0 0 0 0 0 0 0 0 0 0 0 0
 1984 7 12 0 0 1 17 17 4 0 0 0 0 1 2 0 0 1 0 0 0 0 0 0 0 0 0 0 0 0 0 0 0 0 0 0 0 0
 1984 7 12 0 0 1 18 18 6 0 0 0 1 2 1 1 1 0 0 0 0 0 0 0 0 0 0 0 0 0 0 0 0 0 0 0 0 0
 1984 7 12 0 0 1 19 19 4 0 0 0 0 0 1 1 1 0 1 0 0 0 0 0 0 0 0 0 0 0 0 0 0 0 0 0 0 0
 1984 7 12 0 0 1 20 20 4 0 0 0 0 1 1 0 1 0 1 0 0 0 0 0 0 0 0 0 0 0 0 0 0 0 0 0 0 0
 1984 7 12 0 0 1 21 21 8 0 0 0 0 1 1 1 2 2 0 0 1 0 0 0 0 0 0 0 0 0 0 0 0 0 0 0 0 0
 1984 7 12 0 0 1 22 22 5 0 0 0 0 1 1 1 0 1 1 0 0 0 0 0 0 0 0 0 0 0 0 0 0 0 0 0 0 0
 1984 7 12 0 0 1 23 23 9 0 0 0 0 2 0 0 2 2 1 1 1 0 0 0 0 0 0 0 0 0 0 0 0 0 0 0 0 0
 1984 7 12 0 0 1 24 24 9 0 0 0 0 0 1 1 0 3 1 2 1 0 0 0 0 0 0 0 0 0 0 0 0 0 0 0 0 0
 1984 7 12 0 0 1 25 25 8 0 0 0 0 0 0 2 1 2 1 0 1 1 0 0 0 0 0 0 0 0 0 0 0 0 0 0 0 0
 1984 7 12 0 0 1 26 26 13 0 0 0 0 0 0 1 3 2 1 2 1 0 1 1 0 1 0 0 0 0 0 0 0 0 0 0 0 0
 1984 7 12 0 0 1 27 27 8 0 0 0 0 0 0 1 1 0 3 0 0 1 2 0 0 0 0 0 0 0 0 0 0 0 0 0 0 0
 1984 7 12 0 0 1 28 28 10 0 0 0 0 0 0 1 0 2 2 0 1 1 1 2 0 0 0 0 0 0 0 0 0 0 0 0 0 0
 1984 7 12 0 0 1 29 29 11 0 0 0 0 0 0 0 1 1 0 0 4 1 0 1 3 0 0 0 0 0 0 0 0 0 0 0 0 0
 1984 7 12 0 0 1 30 30 2 0 0 0 0 0 0 0 0 0 1 0 0 0 0 1 0 0 0 0 0 0 0 0 0 0 0 0 0 0
 1984 7 12 0 0 1 32 32 1 0 0 0 0 0 0 0 0 0 0 0 0 0 1 0 0 0 0 0 0 0 0 0 0 0 0 0 0 0
 1985 7 12 0 0 1 9 9 1 0 0 1 0 0 0 0 0 0 0 0 0 0 0 0 0 0 0 0 0 0 0 0 0 0 0 0 0 0
 1985 7 12 0 0 1 10 10 1 0 0 0 1 0 0 0 0 0 0 0 0 0 0 0 0 0 0 0 0 0 0 0 0 0 0 0 0 0
 1985 7 12 0 0 1 11 11 1 0 0 0 0 1 0 0 0 0 0 0 0 0 0 0 0 0 0 0 0 0 0 0 0 0 0 0 0 0
 1985 7 12 0 0 1 12 12 2 0 0 0 0 1 1 0 0 0 0 0 0 0 0 0 0 0 0 0 0 0 0 0 0 0 0 0 0 0
 1985 7 12 0 0 1 13 13 3 0 0 0 3 0 0 0 0 0 0 0 0 0 0 0 0 0 0 0 0 0 0 0 0 0 0 0 0 0
 1985 7 12 0 0 1 14 14 7 0 0 3 3 1 0 0 0 0 0 0 0 0 0 0 0 0 0 0 0 0 0 0 0 0 0 0 0 0
 1985 7 12 0 0 1 15 15 6 0 0 2 2 0 1 1 0 0 0 0 0 0 0 0 0 0 0 0 0 0 0 0 0 0 0 0 0 0
 1985 7 12 0 0 1 16 16 3 0 0 0 2 1 0 0 0 0 0 0 0 0 0 0 0 0 0 0 0 0 0 0 0 0 0 0 0 0
 1985 7 12 0 0 1 17 17 3 0 0 1 0 1 1 0 0 0 0 0 0 0 0 0 0 0 0 0 0 0 0 0 0 0 0 0 0 0
 1985 7 12 0 0 1 18 18 4 0 0 0 0 2 0 1 0 1 0 0 0 0 0 0 0 0 0 0 0 0 0 0 0 0 0 0 0 0
 1985 7 12 0 0 1 19 19 4 0 0 0 0 1 1 1 0 0 1 0 0 0 0 0 0 0 0 0 0 0 0 0 0 0 0 0 0 0
 1985 7 12 0 0 1 20 20 4 0 0 0 0 0 3 0 0 0 1 0 0 0 0 0 0 0 0 0 0 0 0 0 0 0 0 0 0 0
 1985 7 12 0 0 1 21 21 7 0 0 0 0 1 1 1 2 2 0 0 0 0 0 0 0 0 0 0 0 0 0 0 0 0 0 0 0 0
 1985 7 12 0 0 1 22 22 4 0 0 0 0 1 0 2 0 0 0 1 0 0 0 0 0 0 0 0 0 0 0 0 0 0 0 0 0 0
 1985 7 12 0 0 1 23 23 10 0 0 0 0 0 1 1 3 2 1 2 0 0 0 0 0 0 0 0 0 0 0 0 0 0 0 0 0 0
 1985 7 12 0 0 1 24 24 10 0 0 0 0 0 0 1 3 2 2 1 1 0 0 0 0 0 0 0 0 0 0 0 0 0 0 0 0 0
 1985 7 12 0 0 1 25 25 11 0 0 0 0 0 0 2 3 3 2 0 1 0 0 0 0 0 0 0 0 0 0 0 0 0 0 0 0 0
 1985 7 12 0 0 1 26 26 15 0 0 0 0 0 0 1 2 2 1 3 2 1 2 1 0 0 0 0 0 0 0 0 0 0 0 0 0 0
 1985 7 12 0 0 1 27 27 13 0 0 0 0 0 1 0 1 2 1 1 2 2 2 0 1 0 0 0 0 0 0 0 0 0 0 0 0 0
 1985 7 12 0 0 1 28 28 7 0 0 0 0 0 0 0 0 0 1 0 0 0 1 1 1 1 1 0 1 0 0 0 0 0 0 0 0 0
 1985 7 12 0 0 1 29 29 18 0 0 0 0 0 0 0 0 2 2 0 3 3 1 2 5 0 0 0 0 0 0 0 0 0 0 0 0 0
 1985 7 12 0 0 1 30 30 4 0 0 0 0 0 0 0 0 0 0 1 1 0 0 0 1 0 1 0 0 0 0 0 0 0 0 0 0 0
 1985 7 12 0 0 1 32 32 1 0 0 0 0 0 0 0 0 0 0 0 0 0 0 0 0 0 0 1 0 0 0 0 0 0 0 0 0 0
 1986 7 12 0 0 1 12 12 3 0 0 0 1 2 0 0 0 0 0 0 0 0 0 0 0 0 0 0 0 0 0 0 0 0 0 0 0 0
 1986 7 12 0 0 1 13 13 3 0 0 0 2 1 0 0 0 0 0 0 0 0 0 0 0 0 0 0 0 0 0 0 0 0 0 0 0 0
 1986 7 12 0 0 1 14 14 4 0 0 0 2 2 0 0 0 0 0 0 0 0 0 0 0 0 0 0 0 0 0 0 0 0 0 0 0 0
 1986 7 12 0 0 1 15 15 5 0 0 0 3 1 0 1 0 0 0 0 0 0 0 0 0 0 0 0 0 0 0 0 0 0 0 0 0 0
 1986 7 12 0 0 1 16 16 8 0 0 0 6 1 1 0 0 0 0 0 0 0 0 0 0 0 0 0 0 0 0 0 0 0 0 0 0 0
 1986 7 12 0 0 1 17 17 4 0 0 0 0 1 2 0 0 1 0 0 0 0 0 0 0 0 0 0 0 0 0 0 0 0 0 0 0 0
 1986 7 12 0 0 1 18 18 3 0 0 0 1 2 0 0 0 0 0 0 0 0 0 0 0 0 0 0 0 0 0 0 0 0 0 0 0 0
 1986 7 12 0 0 1 19 19 3 0 0 0 0 0 1 2 0 0 0 0 0 0 0 0 0 0 0 0 0 0 0 0 0 0 0 0 0 0
 1986 7 12 0 0 1 21 21 8 0 0 0 0 2 2 0 2 0 1 0 0 1 0 0 0 0 0 0 0 0 0 0 0 0 0 0 0 0
 1986 7 12 0 0 1 22 22 7 0 0 0 0 0 1 1 1 3 1 0 0 0 0 0 0 0 0 0 0 0 0 0 0 0 0 0 0 0
 1986 7 12 0 0 1 23 23 7 0 0 0 0 1 2 1 0 0 1 2 0 0 0 0 0 0 0 0 0 0 0 0 0 0 0 0 0 0
 1986 7 12 0 0 1 24 24 12 0 0 0 0 0 0 4 2 4 2 0 0 0 0 0 0 0 0 0 0 0 0 0 0 0 0 0 0 0
 1986 7 12 0 0 1 25 25 13 0 0 0 0 0 0 3 3 6 0 1 0 0 0 0 0 0 0 0 0 0 0 0 0 0 0 0 0 0
 1986 7 12 0 0 1 26 26 13 0 0 0 0 0 1 0 2 4 3 1 1 0 1 0 0 0 0 0 0 0 0 0 0 0 0 0 0 0
 1986 7 12 0 0 1 27 27 14 0 0 0 0 0 0 1 2 2 6 1 1 1 0 0 0 0 0 0 0 0 0 0 0 0 0 0 0 0
 1986 7 12 0 0 1 28 28 6 0 0 0 0 0 0 0 0 1 1 3 0 0 1 0 0 0 0 0 0 0 0 0 0 0 0 0 0 0
 1986 7 12 0 0 1 29 29 6 0 0 0 0 0 0 0 0 1 0 2 1 2 0 0 0 0 0 0 0 0 0 0 0 0 0 0 0 0
 1986 7 12 0 0 1 30 30 3 0 0 0 0 0 0 0 0 1 1 0 0 0 1 0 0 0 0 0 0 0 0 0 0 0 0 0 0 0
 2002 7 12 0 0 1 21 21 1 0 0 0 0 0 0 0 0 1 0 0 0 0 0 0 0 0 0 0 0 0 0 0 0 0 0 0 0 0
 2002 7 12 0 0 1 24 24 1 0 0 0 0 0 0 0 0 0 1 0 0 0 0 0 0 0 0 0 0 0 0 0 0 0 0 0 0 0
 2002 7 12 0 0 1 25 25 1 0 0 0 0 0 0 0 1 0 0 0 0 0 0 0 0 0 0 0 0 0 0 0 0 0 0 0 0 0
 2002 7 12 0 0 1 26 26 1 0 0 0 0 0 0 0 0 1 0 0 0 0 0 0 0 0 0 0 0 0 0 0 0 0 0 0 0 0
 2002 7 12 0 0 1 27 27 2 0 0 0 0 0 0 0 0 0 0 1 0 1 0 0 0 0 0 0 0 0 0 0 0 0 0 0 0 0
 2003 7 12 0 0 1 17 17 1 0 0 0 0 0 0 1 0 0 0 0 0 0 0 0 0 0 0 0 0 0 0 0 0 0 0 0 0 0
 2003 7 12 0 0 1 20 20 7 0 0 0 0 1 0 0 2 0 3 1 0 0 0 0 0 0 0 0 0 0 0 0 0 0 0 0 0 0
 2003 7 12 0 0 1 21 21 4 0 0 0 0 0 0 0 2 1 1 0 0 0 0 0 0 0 0 0 0 0 0 0 0 0 0 0 0 0
 2003 7 12 0 0 1 22 22 22 0 0 0 0 0 0 3 3 6 2 1 3 3 0 1 0 0 0 0 0 0 0 0 0 0 0 0 0 0
 2003 7 12 0 0 1 23 23 19 0 0 0 0 0 1 3 2 4 4 1 3 1 0 0 0 0 0 0 0 0 0 0 0 0 0 0 0 0
 2003 7 12 0 0 1 24 24 25 0 0 0 0 0 1 0 3 5 4 4 3 1 0 0 0 1 3 0 0 0 0 0 0 0 0 0 0 0
 2003 7 12 0 0 1 25 25 30 0 0 0 0 0 0 2 3 6 3 8 2 0 4 2 0 0 0 0 0 0 0 0 0 0 0 0 0 0
 2003 7 12 0 0 1 26 26 38 0 0 0 0 0 0 1 2 5 9 4 6 2 2 1 2 2 1 0 1 0 0 0 0 0 0 0 0 0
 2003 7 12 0 0 1 27 27 26 0 0 0 0 0 0 1 2 2 4 5 8 2 0 0 1 0 1 0 0 0 0 0 0 0 0 0 0 0
 2003 7 12 0 0 1 28 28 10 0 0 0 0 0 0 0 2 1 0 0 1 2 0 1 1 0 1 1 0 0 0 0 0 0 0 0 0 0
 2003 7 12 0 0 1 29 29 4 0 0 0 0 0 0 0 0 1 1 0 0 1 0 1 0 0 0 0 0 0 0 0 0 0 0 0 0 0
 2003 7 12 0 0 1 30 30 4 0 0 0 0 0 0 0 1 0 0 1 0 1 0 0 1 0 0 0 0 0 0 0 0 0 0 0 0 0
 2003 7 12 0 0 1 31 31 1 0 0 0 0 0 0 0 0 0 0 0 0 0 0 0 0 0 0 0 0 1 0 0 0 0 0 0 0 0
 2004 7 12 0 0 1 16 16 1 0 0 0 0 0 1 0 0 0 0 0 0 0 0 0 0 0 0 0 0 0 0 0 0 0 0 0 0 0
 2004 7 12 0 0 1 18 18 1 0 0 0 0 0 0 0 0 1 0 0 0 0 0 0 0 0 0 0 0 0 0 0 0 0 0 0 0 0
 2004 7 12 0 0 1 19 19 2 0 0 0 0 0 1 0 0 1 0 0 0 0 0 0 0 0 0 0 0 0 0 0 0 0 0 0 0 0
 2004 7 12 0 0 1 20 20 2 0 0 0 0 0 0 0 0 0 1 1 0 0 0 0 0 0 0 0 0 0 0 0 0 0 0 0 0 0
 2004 7 12 0 0 1 21 21 10 0 0 0 0 0 0 0 1 3 2 1 1 2 0 0 0 0 0 0 0 0 0 0 0 0 0 0 0 0
 2004 7 12 0 0 1 22 22 17 0 0 0 0 0 0 0 1 4 7 2 1 1 1 0 0 0 0 0 0 0 0 0 0 0 0 0 0 0
 2004 7 12 0 0 1 23 23 15 0 0 0 0 0 0 0 2 3 3 3 2 1 0 1 0 0 0 0 0 0 0 0 0 0 0 0 0 0
 2004 7 12 0 0 1 24 24 7 0 0 0 0 0 0 0 0 2 2 2 0 0 1 0 0 0 0 0 0 0 0 0 0 0 0 0 0 0
 2004 7 12 0 0 1 25 25 13 0 0 0 0 0 0 1 0 2 2 1 1 1 1 1 1 1 0 0 1 0 0 0 0 0 0 0 0 0
 2004 7 12 0 0 1 26 26 5 0 0 0 0 0 0 1 0 1 0 2 1 0 0 0 0 0 0 0 0 0 0 0 0 0 0 0 0 0
 2004 7 12 0 0 1 27 27 4 0 0 0 0 0 0 0 0 1 0 0 1 0 0 0 0 0 0 0 2 0 0 0 0 0 0 0 0 0
 2004 7 12 0 0 1 28 28 4 0 0 0 0 0 0 0 1 2 0 0 0 0 0 1 0 0 0 0 0 0 0 0 0 0 0 0 0 0
 2004 7 12 0 0 1 29 29 1 0 0 0 0 0 0 0 0 1 0 0 0 0 0 0 0 0 0 0 0 0 0 0 0 0 0 0 0 0
 2004 7 12 0 0 1 31 31 1 0 0 0 0 0 0 0 0 0 0 0 1 0 0 0 0 0 0 0 0 0 0 0 0 0 0 0 0 0
 2005 7 12 0 0 1 16 16 1 0 0 0 0 0 1 0 0 0 0 0 0 0 0 0 0 0 0 0 0 0 0 0 0 0 0 0 0 0
 2005 7 12 0 0 1 17 17 2 0 0 0 0 0 0 0 0 1 1 0 0 0 0 0 0 0 0 0 0 0 0 0 0 0 0 0 0 0
 2005 7 12 0 0 1 18 18 3 0 0 0 0 0 0 0 1 2 0 0 0 0 0 0 0 0 0 0 0 0 0 0 0 0 0 0 0 0
 2005 7 12 0 0 1 20 20 3 0 0 0 0 0 0 0 0 0 0 0 2 0 1 0 0 0 0 0 0 0 0 0 0 0 0 0 0 0
 2005 7 12 0 0 1 21 21 8 0 0 0 0 0 0 0 0 1 1 0 1 3 0 1 0 1 0 0 0 0 0 0 0 0 0 0 0 0
 2005 7 12 0 0 1 22 22 9 0 0 0 0 0 0 0 0 0 2 1 2 1 0 2 0 0 0 1 0 0 0 0 0 0 0 0 0 0
 2005 7 12 0 0 1 23 23 7 0 0 0 0 0 0 0 0 0 2 1 2 0 0 1 0 0 1 0 0 0 0 0 0 0 0 0 0 0
 2005 7 12 0 0 1 24 24 6 0 0 0 0 0 0 0 0 1 0 0 1 1 1 0 1 1 0 0 0 0 0 0 0 0 0 0 0 0
 2005 7 12 0 0 1 25 25 10 0 0 0 0 0 0 2 0 0 1 0 0 1 1 1 0 4 0 0 0 0 0 0 0 0 0 0 0 0
 2005 7 12 0 0 1 26 26 14 0 0 0 0 0 0 0 0 0 1 0 0 3 2 4 0 2 0 1 1 0 0 0 0 0 0 0 0 0
 2005 7 12 0 0 1 27 27 13 0 0 0 0 0 0 0 0 0 0 0 1 0 4 2 2 0 3 0 0 0 1 0 0 0 0 0 0 0
 2005 7 12 0 0 1 28 28 8 0 0 0 0 0 0 0 0 0 0 0 1 0 1 0 2 0 2 2 0 0 0 0 0 0 0 0 0 0
 2005 7 12 0 0 1 29 29 2 0 0 0 0 0 0 0 0 0 0 0 0 1 0 0 0 0 0 0 1 0 0 0 0 0 0 0 0 0
 2005 7 12 0 0 1 30 30 2 0 0 0 0 0 0 0 0 0 0 0 0 0 0 0 0 0 0 1 0 0 0 0 0 0 1 0 0 0
 2005 7 12 0 0 1 31 31 1 0 0 0 0 0 0 0 0 0 0 0 0 0 0 0 0 0 0 0 0 1 0 0 0 0 0 0 0 0
 2006 7 12 0 0 1 20 20 1 0 0 0 0 0 0 1 0 0 0 0 0 0 0 0 0 0 0 0 0 0 0 0 0 0 0 0 0 0
 2006 7 12 0 0 1 26 26 1 0 0 0 0 0 0 0 0 0 0 0 1 0 0 0 0 0 0 0 0 0 0 0 0 0 0 0 0 0
 2006 7 12 0 0 1 29 29 1 0 0 0 0 0 0 1 0 0 0 0 0 0 0 0 0 0 0 0 0 0 0 0 0 0 0 0 0 0
 2006 7 12 0 0 1 30 30 1 0 0 0 0 0 0 0 0 0 0 0 1 0 0 0 0 0 0 0 0 0 0 0 0 0 0 0 0 0
 2006 7 12 0 0 1 32 32 2 0 0 0 0 0 0 0 0 0 0 1 0 0 1 0 0 0 0 0 0 0 0 0 0 0 0 0 0 0
 2006 7 12 0 0 1 34 34 1 0 0 0 0 0 0 0 0 0 0 0 0 1 0 0 0 0 0 0 0 0 0 0 0 0 0 0 0 0
 2007 7 12 0 0 1 26 26 1 0 0 0 0 0 0 0 0 0 0 0 0 0 0 0 0 0 0 1 0 0 0 0 0 0 0 0 0 0
 2007 7 12 0 0 1 28 28 1 0 0 0 0 0 0 0 0 0 1 0 0 0 0 0 0 0 0 0 0 0 0 0 0 0 0 0 0 0
 2007 7 12 0 0 1 30 30 1 0 0 0 0 0 0 0 0 0 0 1 0 0 0 0 0 0 0 0 0 0 0 0 0 0 0 0 0 0
 2007 7 12 0 0 1 31 31 1 0 0 0 0 0 0 0 0 0 0 0 0 0 1 0 0 0 0 0 0 0 0 0 0 0 0 0 0 0
 2007 7 12 0 0 1 32 32 2 0 0 0 0 0 0 0 0 0 0 0 1 0 0 0 0 1 0 0 0 0 0 0 0 0 0 0 0 0
 2007 7 12 0 0 1 33 33 1 0 0 0 0 0 0 0 0 0 0 0 1 0 0 0 0 0 0 0 0 0 0 0 0 0 0 0 0 0
 2007 7 12 0 0 1 34 34 1 0 0 0 0 0 0 0 0 0 0 0 1 0 0 0 0 0 0 0 0 0 0 0 0 0 0 0 0 0
 2008 7 12 0 0 1 25 25 1 0 0 0 0 0 0 0 0 0 0 0 0 1 0 0 0 0 0 0 0 0 0 0 0 0 0 0 0 0
 2008 7 12 0 0 1 27 27 1 0 0 0 0 0 0 0 0 0 0 0 1 0 0 0 0 0 0 0 0 0 0 0 0 0 0 0 0 0
 2008 7 12 0 0 1 28 28 5 0 0 0 0 0 0 0 0 0 1 2 0 2 0 0 0 0 0 0 0 0 0 0 0 0 0 0 0 0
 2008 7 12 0 0 1 29 29 4 0 0 0 0 0 0 0 0 0 0 0 1 1 0 0 1 1 0 0 0 0 0 0 0 0 0 0 0 0
 2008 7 12 0 0 1 30 30 1 0 0 0 0 0 0 0 0 0 0 0 0 1 0 0 0 0 0 0 0 0 0 0 0 0 0 0 0 0
 2008 7 12 0 0 1 31 31 2 0 0 0 0 0 0 0 0 0 0 0 0 1 0 1 0 0 0 0 0 0 0 0 0 0 0 0 0 0
 2008 7 12 0 0 1 32 32 2 0 0 0 0 0 0 0 0 0 0 0 0 1 1 0 0 0 0 0 0 0 0 0 0 0 0 0 0 0
 2008 7 12 0 0 1 33 33 1 0 0 0 0 0 0 0 0 0 0 0 0 0 0 1 0 0 0 0 0 0 0 0 0 0 0 0 0 0
 2009 7 12 0 0 1 21 21 2 0 0 0 0 0 0 0 0 0 0 2 0 0 0 0 0 0 0 0 0 0 0 0 0 0 0 0 0 0
 2009 7 12 0 0 1 22 22 1 0 0 0 0 0 0 0 0 0 1 0 0 0 0 0 0 0 0 0 0 0 0 0 0 0 0 0 0 0
 2009 7 12 0 0 1 23 23 7 0 0 0 0 0 0 0 1 0 0 0 2 0 3 0 1 0 0 0 0 0 0 0 0 0 0 0 0 0
 2009 7 12 0 0 1 24 24 8 0 0 0 0 0 0 0 1 1 0 1 0 1 2 1 0 1 0 0 0 0 0 0 0 0 0 0 0 0
 2009 7 12 0 0 1 25 25 9 0 0 0 0 0 0 0 0 1 0 0 0 2 3 2 1 0 0 0 0 0 0 0 0 0 0 0 0 0
 2009 7 12 0 0 1 26 26 17 0 0 0 0 0 0 0 0 0 0 1 2 1 1 6 5 1 0 0 0 0 0 0 0 0 0 0 0 0
 2009 7 12 0 0 1 27 27 16 0 0 0 0 0 0 0 0 0 1 1 0 3 2 2 3 2 1 1 0 0 0 0 0 0 0 0 0 0
 2009 7 12 0 0 1 28 28 18 0 0 0 0 0 0 0 0 0 0 1 1 1 3 2 1 5 2 1 0 0 0 0 0 0 1 0 0 0
 2009 7 12 0 0 1 29 29 6 0 0 0 0 0 0 0 0 0 0 0 0 1 1 0 1 0 1 0 0 0 0 1 0 1 0 0 0 0
 2009 7 12 0 0 1 30 30 4 0 0 0 0 0 0 0 0 0 0 0 2 0 1 0 1 0 0 0 0 0 0 0 0 0 0 0 0 0
 2009 7 12 0 0 1 31 31 1 0 0 0 0 0 0 0 0 0 0 0 0 0 0 0 0 0 0 0 0 0 0 0 1 0 0 0 0 0
 2009 7 12 0 0 1 32 32 1 0 0 0 0 0 0 0 0 0 0 0 0 0 0 0 0 0 1 0 0 0 0 0 0 0 0 0 0 0
 2010 7 12 0 0 1 29 29 2 0 0 0 0 0 0 0 0 0 0 0 0 0 1 0 0 1 0 0 0 0 0 0 0 0 0 0 0 0
 2010 7 12 0 0 1 30 30 2 0 0 0 0 0 0 0 0 0 0 1 1 0 0 0 0 0 0 0 0 0 0 0 0 0 0 0 0 0
 2010 7 12 0 0 1 31 31 4 0 0 0 0 0 0 0 0 0 0 1 1 0 0 0 0 1 1 0 0 0 0 0 0 0 0 0 0 0
 2010 7 12 0 0 1 32 32 11 0 0 0 0 0 0 0 0 0 0 0 1 1 1 3 2 1 2 0 0 0 0 0 0 0 0 0 0 0
 2010 7 12 0 0 1 33 33 4 0 0 0 0 0 0 0 0 0 0 0 0 0 0 0 2 1 0 0 0 0 1 0 0 0 0 0 0 0
 2010 7 12 0 0 1 34 34 2 0 0 0 0 0 0 0 0 0 1 1 0 0 0 0 0 0 0 0 0 0 0 0 0 0 0 0 0 0
 2010 7 12 0 0 1 36 36 1 0 0 0 0 0 0 0 0 0 0 0 0 0 0 0 0 0 1 0 0 0 0 0 0 0 0 0 0 0
 2011 7 12 0 0 1 29 29 3 0 0 0 0 0 0 0 0 0 0 1 1 0 0 0 0 0 1 0 0 0 0 0 0 0 0 0 0 0
 2011 7 12 0 0 1 30 30 1 0 0 0 0 0 0 0 0 0 0 0 0 0 1 0 0 0 0 0 0 0 0 0 0 0 0 0 0 0
 2011 7 12 0 0 1 31 31 6 0 0 0 0 0 0 0 0 0 0 0 0 0 1 0 2 2 1 0 0 0 0 0 0 0 0 0 0 0
 2011 7 12 0 0 1 32 32 9 0 0 0 0 0 0 0 0 0 0 0 0 1 1 2 3 2 0 0 0 0 0 0 0 0 0 0 0 0
 2011 7 12 0 0 1 33 33 6 0 0 0 0 0 0 0 0 0 0 0 0 0 0 0 2 1 0 1 0 1 1 0 0 0 0 0 0 0
 2011 7 12 0 0 1 34 34 7 0 0 0 0 0 0 0 0 0 0 0 0 0 0 0 1 2 1 3 0 0 0 0 0 0 0 0 0 0
 2011 7 12 0 0 1 36 36 1 0 0 0 0 0 0 0 0 0 0 0 0 0 0 0 0 0 1 0 0 0 0 0 0 0 0 0 0 0
 2012 7 12 0 0 1 11 11 1 0 0 0 1 0 0 0 0 0 0 0 0 0 0 0 0 0 0 0 0 0 0 0 0 0 0 0 0 0
 2012 7 12 0 0 1 12 12 1 0 0 1 0 0 0 0 0 0 0 0 0 0 0 0 0 0 0 0 0 0 0 0 0 0 0 0 0 0
 2012 7 12 0 0 1 13 13 1 0 0 0 1 0 0 0 0 0 0 0 0 0 0 0 0 0 0 0 0 0 0 0 0 0 0 0 0 0
 2012 7 12 0 0 1 15 15 1 0 0 0 0 1 0 0 0 0 0 0 0 0 0 0 0 0 0 0 0 0 0 0 0 0 0 0 0 0
 2012 7 12 0 0 1 17 17 1 0 0 0 0 0 0 1 0 0 0 0 0 0 0 0 0 0 0 0 0 0 0 0 0 0 0 0 0 0
 2012 7 12 0 0 1 18 18 2 0 0 0 0 0 0 0 1 0 1 0 0 0 0 0 0 0 0 0 0 0 0 0 0 0 0 0 0 0
 2012 7 12 0 0 1 19 19 3 0 0 0 0 0 0 1 0 1 1 0 0 0 0 0 0 0 0 0 0 0 0 0 0 0 0 0 0 0
 2012 7 12 0 0 1 20 20 1 0 0 0 0 0 0 0 0 0 1 0 0 0 0 0 0 0 0 0 0 0 0 0 0 0 0 0 0 0
 2012 7 12 0 0 1 21 21 5 0 0 0 0 0 0 0 0 3 2 0 0 0 0 0 0 0 0 0 0 0 0 0 0 0 0 0 0 0
 2012 7 12 0 0 1 23 23 4 0 0 0 0 0 0 0 0 1 2 1 0 0 0 0 0 0 0 0 0 0 0 0 0 0 0 0 0 0
 2012 7 12 0 0 1 24 24 4 0 0 0 0 0 0 0 0 0 0 0 1 1 2 0 0 0 0 0 0 0 0 0 0 0 0 0 0 0
 2012 7 12 0 0 1 25 25 1 0 0 0 0 0 0 0 0 0 0 0 0 0 0 0 0 0 0 1 0 0 0 0 0 0 0 0 0 0
 2012 7 12 0 0 1 26 26 1 0 0 0 0 0 0 0 1 0 0 0 0 0 0 0 0 0 0 0 0 0 0 0 0 0 0 0 0 0
-9999  0 0 0 0 0 0 0 0 0 0 0 0 0 0 0 0 0 0 0 0 0 0 0 0 0 0 0 0 0 0 0 0 0 0 0 0 0
#
0 #_Use_MeanSize-at-Age_obs (0/1)
#
0 #_N_environ_variables
#Yr Variable Value
#
0 # N sizefreq methods to read 
#
0 # do tags (0/1)
#
0 #    morphcomp data(0/1) 
#  Nobs, Nmorphs, mincomp
#  yr, seas, type, partition, Nsamp, datavector_by_Nmorphs
#
0  #  Do dataread for selectivity priors(0/1)
# Yr, Seas, Fleet,  Age/Size,  Bin,  selex_prior,  prior_sd
# feature not yet implemented
#
999

ENDDATA
